start   of      data    file.
siteNameHF-751-02              Edited to fix time AF 131209
Probe   serial  Number:        0

Date    Meas#   T1(B)   T2      T3      T4      T5(T)   H
-------------------------------------------------------------------
04:40:01       1   1.817   1.866   1.883   1.857   1.906   0.000
04:40:03       2   1.817   1.866   1.883   1.857   1.906   0.000
04:40:05       3   1.817   1.866   1.883   1.857   1.906   0.000
04:40:07       4   1.817   1.866   1.883   1.857   1.906   0.000
04:40:09       5   1.817   1.866   1.883   1.857   1.906   0.000
04:40:11       6   1.817   1.866   1.883   1.857   1.906   0.000
04:40:13       7   1.817   1.866   1.883   1.857   1.906   0.000
04:40:15       8   1.817   1.866   1.883   1.857   1.906   0.000
04:40:17       9   1.817   1.866   1.883   1.857   1.906   0.000
04:40:19      10   1.817   1.867   1.883   1.857   1.906   0.000
04:40:21      11   1.817   1.866   1.883   1.857   1.906   0.000
04:40:23      12   1.817   1.865   1.883   1.857   1.906   0.000
04:40:25      13   1.817   1.866   1.883   1.857   1.906   0.000
04:40:27      14   1.817   1.866   1.883   1.857   1.906   0.000
04:40:29      15   1.817   1.866   1.883   1.857   1.906   0.000
04:40:31      16   1.817   1.866   1.883   1.857   1.906   0.000
04:40:33      17   1.817   1.866   1.883   1.857   1.906   0.000
04:40:35      18   1.816   1.866   1.883   1.857   1.906   0.000
04:40:37      19   1.817   1.866   1.883   1.857   1.906   0.000
04:40:39      20   1.817   1.866   1.883   1.857   1.906   0.000
04:40:41      21   1.817   1.866   1.884   1.856   1.905   0.000
04:40:43      22   1.817   1.867   1.884   1.855   1.905   0.000
04:40:45      23   1.817   1.867   1.883   1.855   1.905   0.000
04:40:47      24   1.816   1.866   1.883   1.856   1.906   0.000
04:40:49      25   1.816   1.867   1.882   1.857   1.906   0.000
04:40:51      26   1.816   1.865   1.883   1.857   1.908   0.000
04:40:53      27   1.816   1.865   1.883   1.857   1.908   0.000
04:40:55      28   1.816   1.865   1.883   1.857   1.906   0.000
04:40:57      29   1.817   1.865   1.883   1.857   1.907   0.000
04:40:59      30   1.819   1.867   1.883   1.857   1.906   0.000
04:41:01      31   1.822   1.867   1.883   1.857   1.906   0.000
04:41:03      32   1.825   1.868   1.883   1.857   1.906   0.000
04:41:05      33   1.828   1.868   1.884   1.857   1.906   0.000
04:41:07      34   1.831   1.869   1.884   1.857   1.906   0.000
04:41:09      35   1.832   1.870   1.884   1.857   1.906   0.000
04:41:11      36   1.833   1.870   1.884   1.857   1.906   0.000
04:41:13      37   1.834   1.870   1.884   1.857   1.906   0.000
04:41:15      38   1.834   1.870   1.884   1.857   1.906   0.000
04:41:17      39   1.834   1.870   1.884   1.857   1.906   0.000
04:41:19      40   1.835   1.871   1.883   1.857   1.906   0.000
04:41:21      41   1.835   1.870   1.884   1.857   1.906   0.000
04:41:23      42   1.835   1.871   1.884   1.857   1.906   0.000
04:41:25      43   1.835   1.871   1.884   1.857   1.906   0.000
04:41:27      44   1.835   1.871   1.884   1.857   1.906   0.000
04:41:29      45   1.835   1.871   1.884   1.857   1.906   0.000
04:41:31      46   1.835   1.871   1.884   1.857   1.906   0.000
04:41:33      47   1.835   1.881   1.885   1.857   1.905   0.000
04:41:35      48   1.837   1.889   1.885   1.857   1.905   0.000
04:41:37      49   1.839   1.893   1.886   1.858   1.905   0.000
04:41:39      50   1.846   1.895   1.891   1.860   1.906   0.000
04:41:41      51   1.857   1.898   1.903   1.859   1.907   0.000
04:41:43      52   1.865   1.901   1.914   1.860   1.907   0.000
04:41:45      53   1.874   1.906   1.926   1.881   1.909   0.000
04:41:47      54   1.883   1.916   1.942   1.881   1.944   0.000
04:41:49      55   1.892   1.925   1.952   1.883   1.945   0.000
04:41:51      56   1.905   1.937   1.966   1.893   1.946   0.000
04:41:53      57   1.923   1.952   1.977   1.907   1.948   0.000
04:41:55      58   1.937   1.961   1.982   1.915   1.949   0.000
04:41:57      59   1.950   1.970   1.987   1.923   1.951   0.000
04:41:59      60   1.959   1.976   1.989   1.928   1.953   0.000
04:42:01      61   1.962   1.980   1.990   1.931   1.954   0.000
04:42:03      62   1.964   1.981   1.990   1.934   1.954   0.000
04:42:05      63   1.963   1.982   1.988   1.934   1.955   0.000
04:42:07      64   1.962   1.982   1.987   1.934   1.955   0.000
04:42:09      65   1.959   1.981   1.985   1.934   1.955   0.000
04:42:11      66   1.956   1.979   1.982   1.933   1.955   0.000
04:42:13      67   1.952   1.977   1.980   1.932   1.954   0.000
04:42:15      68   1.949   1.975   1.978   1.931   1.954   0.000
04:42:17      69   1.945   1.972   1.976   1.930   1.954   0.000
04:42:19      70   1.941   1.970   1.974   1.928   1.953   0.000
04:42:21      71   1.937   1.968   1.971   1.927   1.953   0.000
04:42:23      72   1.934   1.965   1.969   1.925   1.952   0.000
04:42:25      73   1.930   1.963   1.966   1.924   1.951   0.000
04:42:27      74   1.927   1.961   1.965   1.922   1.950   0.000
04:42:29      75   1.924   1.959   1.963   1.921   1.950   0.000
04:42:31      76   1.920   1.956   1.961   1.919   1.949   0.000
04:42:33      77   1.918   1.954   1.959   1.918   1.948   0.000
04:42:35      78   1.915   1.952   1.957   1.917   1.947   0.000
04:42:37      79   1.912   1.950   1.956   1.916   1.947   0.000
04:42:39      80   1.910   1.949   1.954   1.915   1.946   0.000
04:42:41      81   1.908   1.947   1.953   1.913   1.946   0.000
04:42:43      82   1.906   1.945   1.952   1.912   1.945   0.000
04:42:45      83   1.903   1.944   1.950   1.911   1.944   0.000
04:42:47      84   1.902   1.941   1.949   1.911   1.944   0.000
04:42:49      85   1.900   1.940   1.947   1.909   1.943   0.000
04:42:51      86   1.898   1.939   1.946   1.908   1.943   0.000
04:42:53      87   1.896   1.938   1.946   1.908   1.942   0.000
04:42:55      88   1.894   1.936   1.944   1.906   1.941   0.000
04:42:57      89   1.894   1.935   1.943   1.906   1.941   0.000
04:42:59      90   1.892   1.934   1.942   1.905   1.941   0.000
04:43:01      91   1.890   1.932   1.941   1.905   1.940   0.000
04:43:03      92   1.889   1.931   1.940   1.903   1.940   0.000
04:43:05      93   1.888   1.931   1.940   1.903   1.939   0.000
04:43:07      94   1.887   1.930   1.938   1.902   1.938   0.000
04:43:09      95   1.886   1.928   1.937   1.902   1.938   0.000
04:43:11      96   1.884   1.927   1.937   1.901   1.938   0.000
04:43:13      97   1.883   1.927   1.936   1.900   1.938   0.000
04:43:15      98   1.882   1.925   1.935   1.900   1.937   0.000
04:43:17      99   1.881   1.925   1.935   1.899   1.937   0.000
04:43:19     100   1.880   1.924   1.934   1.899   1.937   0.000
04:43:21     101   1.880   1.923   1.934   1.898   1.936   0.000
04:43:23     102   1.878   1.922   1.932   1.897   1.936   0.000
04:43:25     103   1.878   1.922   1.932   1.897   1.936   0.000
04:43:27     104   1.877   1.921   1.931   1.897   1.935   0.000
04:43:29     105   1.876   1.921   1.931   1.896   1.935   0.000
04:43:31     106   1.876   1.920   1.931   1.896   1.934   0.000
04:43:33     107   1.875   1.919   1.930   1.895   1.934   0.000
04:43:35     108   1.874   1.919   1.929   1.894   1.934   0.000
04:43:37     109   1.873   1.918   1.929   1.894   1.934   0.000
04:43:39     110   1.873   1.917   1.928   1.894   1.934   0.000
04:43:41     111   1.873   1.917   1.928   1.894   1.933   0.000
04:43:43     112   1.871   1.916   1.927   1.893   1.933   0.000
04:43:45     113   1.871   1.916   1.927   1.893   1.932   0.000
04:43:47     114   1.871   1.915   1.927   1.893   1.932   0.000
04:43:49     115   1.870   1.915   1.926   1.892   1.932   0.000
04:43:51     116   1.870   1.914   1.926   1.892   1.932   0.000
04:43:53     117   1.869   1.913   1.925   1.892   1.932   0.000
04:43:55     118   1.869   1.913   1.925   1.891   1.931   0.000
04:43:57     119   1.868   1.913   1.925   1.891   1.931   0.000
04:43:59     120   1.867   1.912   1.924   1.890   1.931   0.000
04:44:01     121   1.867   1.912   1.924   1.890   1.931   0.000
04:44:03     122   1.867   1.912   1.924   1.890   1.931   0.000
04:44:05     123   1.866   1.911   1.923   1.890   1.931   0.000
04:44:07     124   1.865   1.911   1.923   1.889   1.930   0.000
04:44:09     125   1.865   1.911   1.922   1.889   1.930   0.000
04:44:11     126   1.865   1.910   1.922   1.889   1.930   0.000
04:44:13     127   1.864   1.909   1.921   1.888   1.930   0.000
04:44:15     128   1.864   1.909   1.921   1.889   1.930   0.000
04:44:17     129   1.864   1.909   1.921   1.889   1.930   0.000
04:44:19     130   1.863   1.909   1.921   1.888   1.929   0.000
04:44:21     131   1.862   1.908   1.921   1.887   1.929   0.000
04:44:23     132   1.862   1.908   1.920   1.887   1.929   0.000
04:44:25     133   1.862   1.908   1.920   1.887   1.929   0.000
04:44:27     134   1.861   1.908   1.920   1.887   1.929   0.000
04:44:29     135   1.862   1.907   1.919   1.887   1.928   0.000
04:44:31     136   1.861   1.907   1.919   1.887   1.928   0.000
04:44:33     137   1.861   1.906   1.919   1.886   1.928   0.000
04:44:35     138   1.861   1.906   1.919   1.886   1.928   0.000
04:44:37     139   1.860   1.905   1.918   1.885   1.928   0.000
04:44:39     140   1.860   1.906   1.918   1.886   1.928   0.000
04:44:41     141   1.860   1.906   1.918   1.886   1.928   0.000
04:44:43     142   1.860   1.905   1.918   1.885   1.927   0.000
04:44:45     143   1.858   1.904   1.917   1.885   1.927   0.000
04:44:47     144   1.859   1.905   1.917   1.885   1.927   0.000
04:44:49     145   1.858   1.904   1.917   1.885   1.927   0.000
04:44:51     146   1.858   1.904   1.917   1.884   1.927   0.000
04:44:53     147   1.859   1.904   1.916   1.884   1.927   0.000
04:44:55     148   1.858   1.903   1.916   1.884   1.927   0.000
04:44:57     149   1.858   1.903   1.916   1.884   1.927   0.000
04:44:59     150   1.857   1.903   1.916   1.884   1.927   0.000
04:45:01     151   1.857   1.903   1.916   1.884   1.927   0.000
04:45:03     152   1.857   1.903   1.915   1.883   1.927   0.000
04:45:05     153   1.857   1.902   1.915   1.883   1.926   0.000
04:45:07     154   1.857   1.902   1.915   1.883   1.926   0.000
04:45:09     155   1.856   1.902   1.915   1.883   1.926   0.000
04:45:11     156   1.856   1.902   1.915   1.883   1.926   0.000
04:45:13     157   1.855   1.902   1.915   1.883   1.926   0.000
04:45:15     158   1.855   1.901   1.915   1.883   1.926   0.000
04:45:17     159   1.855   1.902   1.914   1.883   1.925   0.000
04:45:19     160   1.855   1.901   1.914   1.883   1.925   0.000
04:45:21     161   1.855   1.901   1.914   1.882   1.925   0.000
04:45:23     162   1.855   1.900   1.913   1.882   1.925   0.000
04:45:25     163   1.854   1.900   1.913   1.882   1.925   0.000
04:45:27     164   1.854   1.900   1.913   1.882   1.925   0.000
04:45:29     165   1.854   1.900   1.913   1.881   1.925   0.000
04:45:31     166   1.854   1.900   1.913   1.881   1.925   0.000
04:45:33     167   1.853   1.900   1.913   1.881   1.925   0.000
04:45:35     168   1.854   1.899   1.913   1.881   1.925   0.000
04:45:37     169   1.854   1.899   1.913   1.881   1.925   0.000
04:45:39     170   1.853   1.900   1.913   1.881   1.925   0.000
04:45:41     171   1.853   1.899   1.912   1.881   1.924   0.000
04:45:43     172   1.853   1.899   1.912   1.881   1.924   0.000
04:45:45     173   1.853   1.899   1.912   1.880   1.924   0.000
04:45:47     174   1.852   1.899   1.912   1.880   1.924   0.000
04:45:49     175   1.852   1.898   1.911   1.880   1.924   0.000
04:45:51     176   1.852   1.899   1.912   1.880   1.924   0.000
04:45:53     177   1.852   1.898   1.912   1.880   1.924   0.000
04:45:55     178   1.852   1.898   1.912   1.880   1.924   0.000
04:45:57     179   1.851   1.898   1.911   1.879   1.923   0.000
04:45:59     180   1.851   1.897   1.911   1.879   1.923   0.000
04:46:01     181   1.851   1.897   1.911   1.880   1.924   0.000
04:46:03     182   1.851   1.897   1.911   1.880   1.924   0.000
04:46:05     183   1.851   1.897   1.911   1.880   1.923   0.000
04:46:07     184   1.851   1.897   1.911   1.879   1.924   0.000
04:46:09     185   1.851   1.897   1.911   1.879   1.923   0.000
04:46:11     186   1.851   1.897   1.911   1.879   1.923   0.000
04:46:13     187   1.851   1.897   1.911   1.879   1.923   0.000
04:46:15     188   1.851   1.897   1.911   1.879   1.923   0.000
04:46:17     189   1.850   1.896   1.910   1.879   1.923   0.000
04:46:19     190   1.850   1.896   1.910   1.878   1.923   0.000
04:46:21     191   1.850   1.896   1.910   1.878   1.923   0.000
04:46:23     192   1.849   1.896   1.910   1.879   1.922   0.000
04:46:25     193   1.850   1.896   1.910   1.878   1.922   0.000
04:46:27     194   1.850   1.896   1.910   1.878   1.922   0.000
04:46:29     195   1.849   1.896   1.909   1.878   1.922   0.000
04:46:31     196   1.849   1.896   1.909   1.878   1.922   0.000
04:46:33     197   1.849   1.896   1.909   1.878   1.922   0.000
04:46:35     198   1.849   1.896   1.909   1.878   1.922   0.000
04:46:37     199   1.849   1.896   1.909   1.878   1.922   0.000
04:46:39     200   1.849   1.895   1.909   1.878   1.922   0.000
04:46:41     201   1.849   1.895   1.909   1.878   1.922   0.000
04:46:43     202   1.849   1.895   1.909   1.878   1.922   0.000
04:46:45     203   1.849   1.895   1.909   1.878   1.922   0.000
04:46:47     204   1.848   1.895   1.908   1.877   1.921   0.000
04:46:49     205   1.849   1.895   1.909   1.877   1.922   0.000
04:46:51     206   1.848   1.894   1.909   1.877   1.922   0.000
04:46:53     207   1.848   1.894   1.909   1.877   1.922   0.000
04:46:55     208   1.848   1.894   1.908   1.877   1.922   0.000
04:46:57     209   1.848   1.894   1.908   1.877   1.922   0.000
04:46:59     210   1.848   1.894   1.908   1.877   1.922   0.000
04:47:01     211   1.848   1.894   1.908   1.877   1.922   0.000
04:47:03     212   1.848   1.894   1.908   1.877   1.922   0.000
04:47:05     213   1.848   1.894   1.908   1.877   1.921   0.000
04:47:07     214   1.848   1.894   1.908   1.877   1.921   0.000
04:47:09     215   1.848   1.894   1.908   1.877   1.921   0.000
04:47:11     216   1.848   1.894   1.908   1.877   1.921   0.000
04:47:13     217   1.848   1.893   1.908   1.877   1.921   0.000
04:47:15     218   1.847   1.893   1.908   1.877   1.921   0.000
04:47:17     219   1.847   1.893   1.908   1.877   1.921   0.000
04:47:19     220   1.847   1.893   1.908   1.877   1.921   0.000
04:47:21     221   1.847   1.893   1.907   1.877   1.921   0.000
04:47:23     222   1.847   1.893   1.907   1.876   1.921   0.000
04:47:25     223   1.846   1.893   1.906   1.876   1.921   0.000
04:47:27     224   1.847   1.893   1.907   1.876   1.921   0.000
04:47:29     225   1.846   1.893   1.907   1.876   1.921   0.000
04:47:31     226   1.847   1.893   1.907   1.876   1.921   0.000
04:47:33     227   1.847   1.893   1.907   1.876   1.921   0.000
04:47:35     228   1.847   1.893   1.906   1.876   1.921   0.000
04:47:37     229   1.847   1.893   1.906   1.876   1.921   0.000
04:47:39     230   1.846   1.892   1.906   1.876   1.920   0.000
04:47:41     231   1.846   1.892   1.906   1.876   1.921   0.000
04:47:43     232   1.846   1.893   1.906   1.876   1.921   0.000
04:47:45     233   1.846   1.893   1.906   1.876   1.921   0.000
04:47:47     234   1.847   1.892   1.906   1.876   1.921   0.000
04:47:49     235   1.845   1.892   1.906   1.875   1.920   0.000
04:47:51     236   1.846   1.892   1.906   1.876   1.921   0.000
04:47:53     237   1.846   1.892   1.906   1.876   1.921   0.000
04:47:55     238   1.845   1.892   1.906   1.876   1.920   0.000
04:47:57     239   1.845   1.892   1.905   1.875   1.920   0.000
04:47:59     240   1.845   1.892   1.905   1.875   1.920   0.000
04:48:01     241   1.845   1.892   1.906   1.876   1.920   0.000
04:48:03     242   1.845   1.892   1.906   1.876   1.920   0.000
04:48:05     243   1.845   1.892   1.906   1.875   1.920   0.000
04:48:07     244   1.845   1.892   1.906   1.875   1.920   0.000
04:48:09     245   1.845   1.892   1.905   1.875   1.920   0.000
04:48:11     246   1.845   1.892   1.906   1.875   1.920   0.000
04:48:13     247   1.844   1.891   1.905   1.874   1.920   0.000
04:48:15     248   1.845   1.892   1.905   1.875   1.920   0.000
04:48:17     249   1.845   1.892   1.905   1.875   1.920   0.000
04:48:19     250   1.845   1.892   1.905   1.875   1.920   0.000
04:48:21     251   1.844   1.890   1.905   1.874   1.920   0.000
04:48:23     252   1.845   1.891   1.905   1.875   1.920   0.000
04:48:25     253   1.845   1.891   1.905   1.875   1.919   0.000
04:48:27     254   1.844   1.891   1.905   1.875   1.919   0.000
04:48:29     255   1.844   1.890   1.905   1.874   1.920   0.000
04:48:31     256   1.845   1.891   1.905   1.875   1.919   0.000
04:48:33     257   1.844   1.892   1.905   1.874   1.919   0.000
04:48:35     258   1.844   1.890   1.904   1.874   1.919   0.000
04:48:37     259   1.844   1.890   1.905   1.874   1.919   0.000
04:48:39     260   1.844   1.890   1.905   1.874   1.919   0.000
04:48:41     261   1.844   1.890   1.905   1.874   1.919   0.000
04:48:43     262   1.844   1.890   1.905   1.874   1.919   0.000
04:48:45     263   1.844   1.890   1.904   1.874   1.919   0.000
04:48:47     264   1.844   1.890   1.905   1.874   1.919   0.000
04:48:49     265   1.844   1.890   1.905   1.874   1.919   0.000
04:48:51     266   1.843   1.890   1.904   1.873   1.919   0.000
04:48:53     267   1.844   1.890   1.905   1.874   1.919   0.000
04:48:55     268   1.844   1.890   1.905   1.874   1.919   0.000
04:48:57     269   1.844   1.890   1.905   1.874   1.919   0.000
04:48:59     270   1.843   1.889   1.903   1.873   1.919   0.000
04:49:01     271   1.843   1.889   1.903   1.873   1.919   0.000
04:49:03     272   1.843   1.889   1.903   1.874   1.919   0.000
04:49:05     273   1.843   1.889   1.903   1.873   1.919   0.000
04:49:07     274   1.844   1.890   1.904   1.874   1.919   0.000
04:49:09     275   1.844   1.890   1.904   1.874   1.919   0.000
04:49:11     276   1.843   1.889   1.903   1.873   1.918   0.000
04:49:13     277   1.843   1.889   1.903   1.873   1.918   0.000
04:49:15     278   1.843   1.890   1.904   1.874   1.919   0.000
04:49:17     279   1.843   1.890   1.904   1.874   1.919   0.000
04:49:19     280   1.843   1.890   1.904   1.874   1.919   0.000
04:49:21     281   1.843   1.890   1.903   1.874   1.919   0.000
04:49:23     282   1.843   1.890   1.904   1.873   1.919   0.000
04:49:25     283   1.842   1.889   1.903   1.873   1.918   0.000
04:49:27     284   1.843   1.889   1.903   1.874   1.919   0.000
04:49:29     285   1.843   1.889   1.904   1.874   1.919   0.000
04:49:31     286   1.843   1.890   1.903   1.873   1.919   0.000
04:49:33     287   1.843   1.889   1.903   1.873   1.919   0.000
04:49:35     288   1.842   1.889   1.903   1.873   1.918   0.000
04:49:37     289   1.843   1.889   1.903   1.873   1.919   0.000
04:49:39     290   1.843   1.889   1.903   1.873   1.919   0.000
04:49:41     291   1.842   1.889   1.903   1.873   1.919   0.000
04:49:43     292   1.844   1.889   1.903   1.873   1.918   0.000
04:49:45     293   1.842   1.889   1.903   1.873   1.918   0.000
04:49:47     294   1.842   1.889   1.903   1.873   1.918   0.000
04:49:49     295   1.842   1.889   1.903   1.873   1.918   0.000
04:49:51     296   1.842   1.888   1.903   1.873   1.918   0.000
04:49:53     297   1.842   1.889   1.903   1.873   1.918   0.000
04:49:55     298   1.842   1.889   1.903   1.873   1.918   0.000
04:49:57     299   1.842   1.889   1.903   1.873   1.918   0.000
04:49:59     300   1.842   1.888   1.902   1.873   1.918   0.000
04:50:01     301   1.842   1.889   1.903   1.873   1.918   0.000
04:50:03     302   1.857   1.962   1.924   1.886   1.958   9.940
04:50:05     303   1.968   2.237   2.030   1.986   2.175   9.940
04:50:07     304   2.230   2.690   2.242   2.232   2.546   9.940
04:50:09     305   2.545   3.138   2.483   2.531   2.900   9.940
04:50:11     306   2.800   3.465   2.672   2.769   3.150   9.940
04:50:13     307   3.090   3.772   2.881   3.036   3.390   0.000
04:50:15     308   3.225   3.742   2.952   3.155   3.349   0.000
04:50:17     309   3.212   3.597   2.926   3.129   3.210   0.000
04:50:19     310   3.115   3.382   2.847   3.022   3.024   0.000
04:50:21     311   2.985   3.179   2.753   2.891   2.861   0.000
04:50:23     312   2.852   3.033   2.677   2.787   2.752   0.000
04:50:25     313   2.754   2.876   2.590   2.670   2.640   0.000
04:50:27     314   2.642   2.744   2.512   2.569   2.547   0.000
04:50:29     315   2.545   2.634   2.444   2.483   2.472   0.000
04:50:31     316   2.478   2.558   2.396   2.424   2.420   0.000
04:50:33     317   2.405   2.476   2.344   2.361   2.366   0.000
04:50:35     318   2.342   2.408   2.299   2.307   2.319   0.000
04:50:37     319   2.299   2.361   2.267   2.270   2.288   0.000
04:50:39     320   2.253   2.311   2.234   2.231   2.254   0.000
04:50:41     321   2.213   2.268   2.205   2.198   2.225   0.000
04:50:43     322   2.185   2.239   2.184   2.174   2.205   0.000
04:50:45     323   2.154   2.207   2.162   2.149   2.183   0.000
04:50:47     324   2.128   2.179   2.142   2.127   2.163   0.000
04:50:49     325   2.110   2.160   2.128   2.112   2.150   0.000
04:50:51     326   2.090   2.139   2.114   2.095   2.134   0.000
04:50:53     327   2.072   2.121   2.100   2.080   2.121   0.000
04:50:55     328   2.057   2.105   2.089   2.070   2.112   0.000
04:50:57     329   2.046   2.094   2.080   2.058   2.101   0.000
04:50:59     330   2.034   2.081   2.071   2.048   2.092   0.000
04:51:01     331   2.023   2.070   2.063   2.039   2.083   0.000
04:51:03     332   2.015   2.063   2.057   2.033   2.077   0.000
04:51:05     333   2.006   2.054   2.050   2.025   2.070   0.000
04:51:07     334   1.998   2.045   2.043   2.018   2.064   0.000
04:51:09     335   1.992   2.039   2.038   2.013   2.059   0.000
04:51:11     336   1.987   2.033   2.034   2.008   2.054   0.000
04:51:13     337   1.981   2.027   2.029   2.003   2.049   0.000
04:51:15     338   1.976   2.022   2.025   1.999   2.046   0.000
04:51:17     339   1.971   2.018   2.021   1.995   2.042   0.000
04:51:19     340   1.966   2.013   2.018   1.991   2.037   0.000
04:51:21     341   1.962   2.009   2.015   1.988   2.034   0.000
04:51:23     342   1.959   2.005   2.011   1.984   2.031   0.000
04:51:25     343   1.955   2.002   2.008   1.981   2.028   0.000
04:51:27     344   1.952   1.999   2.005   1.978   2.025   0.000
04:51:29     345   1.949   1.996   2.003   1.976   2.023   0.000
04:51:31     346   1.946   1.993   2.000   1.973   2.020   0.000
04:51:33     347   1.943   1.990   1.998   1.971   2.018   0.000
04:51:35     348   1.941   1.987   1.996   1.968   2.015   0.000
04:51:37     349   1.938   1.985   1.994   1.966   2.014   0.000
04:51:39     350   1.936   1.983   1.992   1.964   2.011   0.000
04:51:41     351   1.934   1.981   1.990   1.962   2.009   0.000
04:51:43     352   1.932   1.979   1.988   1.960   2.008   0.000
04:51:45     353   1.930   1.977   1.987   1.959   2.006   0.000
04:51:47     354   1.929   1.975   1.985   1.957   2.004   0.000
04:51:49     355   1.927   1.973   1.984   1.955   2.003   0.000
04:51:51     356   1.924   1.971   1.981   1.953   2.000   0.000
04:51:53     357   1.923   1.970   1.981   1.952   1.999   0.000
04:51:55     358   1.922   1.969   1.980   1.951   1.998   0.000
04:51:57     359   1.921   1.967   1.978   1.949   1.997   0.000
04:51:59     360   1.919   1.965   1.977   1.948   1.995   0.000
04:52:01     361   1.917   1.964   1.975   1.946   1.993   0.000
04:52:03     362   1.916   1.962   1.974   1.945   1.992   0.000
04:52:05     363   1.914   1.961   1.972   1.944   1.991   0.000
04:52:07     364   1.914   1.960   1.972   1.943   1.990   0.000
04:52:09     365   1.913   1.959   1.971   1.942   1.989   0.000
04:52:11     366   1.911   1.958   1.969   1.940   1.988   0.000
04:52:13     367   1.910   1.956   1.968   1.940   1.987   0.000
04:52:15     368   1.909   1.956   1.968   1.939   1.986   0.000
04:52:17     369   1.908   1.954   1.966   1.937   1.984   0.000
04:52:19     370   1.906   1.954   1.966   1.937   1.984   0.000
04:52:21     371   1.906   1.953   1.965   1.936   1.983   0.000
04:52:23     372   1.905   1.952   1.964   1.934   1.982   0.000
04:52:25     373   1.904   1.950   1.962   1.934   1.981   0.000
04:52:27     374   1.903   1.950   1.962   1.934   1.981   0.000
04:52:29     375   1.903   1.949   1.962   1.932   1.980   0.000
04:52:31     376   1.902   1.949   1.960   1.932   1.979   0.000
04:52:33     377   1.901   1.947   1.959   1.930   1.978   0.000
04:52:35     378   1.899   1.946   1.959   1.930   1.977   0.000
04:52:37     379   1.900   1.946   1.959   1.930   1.977   0.000
04:52:39     380   1.898   1.945   1.958   1.928   1.975   0.000
04:52:41     381   1.898   1.944   1.957   1.928   1.975   0.000
04:52:43     382   1.896   1.943   1.956   1.927   1.974   0.000
04:52:45     383   1.896   1.943   1.955   1.926   1.974   0.000
04:52:47     384   1.895   1.942   1.955   1.925   1.973   0.000
04:52:49     385   1.895   1.941   1.954   1.925   1.972   0.000
04:52:51     386   1.894   1.941   1.954   1.925   1.972   0.000
04:52:53     387   1.894   1.940   1.953   1.924   1.971   0.000
04:52:55     388   1.893   1.940   1.953   1.924   1.971   0.000
04:52:57     389   1.892   1.939   1.952   1.922   1.969   0.000
04:52:59     390   1.892   1.938   1.952   1.922   1.969   0.000
04:53:01     391   1.892   1.938   1.951   1.922   1.969   0.000
04:53:03     392   1.891   1.937   1.950   1.921   1.968   0.000
04:53:05     393   1.890   1.937   1.950   1.920   1.967   0.000
04:53:07     394   1.889   1.936   1.949   1.920   1.967   0.000
04:53:09     395   1.889   1.935   1.949   1.920   1.967   0.000
04:53:11     396   1.888   1.935   1.948   1.919   1.966   0.000
04:53:13     397   1.887   1.934   1.947   1.918   1.965   0.000
04:53:15     398   1.887   1.934   1.947   1.918   1.965   0.000
04:53:17     399   1.886   1.933   1.947   1.918   1.964   0.000
04:53:19     400   1.887   1.934   1.947   1.918   1.965   0.000
04:53:21     401   1.886   1.932   1.946   1.917   1.964   0.000
04:53:23     402   1.885   1.932   1.945   1.916   1.963   0.000
04:53:25     403   1.885   1.931   1.945   1.915   1.962   0.000
04:53:27     404   1.885   1.931   1.944   1.915   1.962   0.000
04:53:29     405   1.884   1.931   1.944   1.915   1.962   0.000
04:53:31     406   1.884   1.930   1.944   1.914   1.961   0.000
04:53:33     407   1.883   1.930   1.943   1.914   1.961   0.000
04:53:35     408   1.883   1.929   1.943   1.914   1.961   0.000
04:53:37     409   1.883   1.930   1.943   1.913   1.960   0.000
04:53:39     410   1.882   1.929   1.943   1.913   1.960   0.000
04:53:41     411   1.882   1.928   1.942   1.912   1.959   0.000
04:53:43     412   1.881   1.928   1.942   1.912   1.959   0.000
04:53:45     413   1.881   1.928   1.941   1.912   1.959   0.000
04:53:47     414   1.880   1.927   1.940   1.911   1.958   0.000
04:53:49     415   1.879   1.927   1.940   1.911   1.958   0.000
04:53:51     416   1.880   1.926   1.940   1.911   1.958   0.000
04:53:53     417   1.880   1.927   1.940   1.911   1.957   0.000
04:53:55     418   1.879   1.925   1.939   1.910   1.957   0.000
04:53:57     419   1.879   1.925   1.939   1.910   1.957   0.000
04:53:59     420   1.878   1.925   1.939   1.909   1.956   0.000
04:54:01     421   1.878   1.924   1.938   1.909   1.956   0.000
04:54:03     422   1.877   1.924   1.938   1.909   1.955   0.000
04:54:05     423   1.877   1.924   1.938   1.909   1.956   0.000
04:54:07     424   1.877   1.924   1.938   1.909   1.955   0.000
04:54:09     425   1.877   1.923   1.937   1.908   1.955   0.000
04:54:11     426   1.877   1.923   1.937   1.908   1.954   0.000
04:54:13     427   1.876   1.922   1.936   1.907   1.954   0.000
04:54:15     428   1.875   1.922   1.936   1.907   1.954   0.000
04:54:17     429   1.876   1.922   1.936   1.907   1.954   0.000
04:54:19     430   1.875   1.921   1.936   1.906   1.953   0.000
04:54:21     431   1.874   1.922   1.935   1.906   1.953   0.000
04:54:23     432   1.874   1.921   1.935   1.906   1.952   0.000
04:54:25     433   1.874   1.921   1.935   1.905   1.952   0.000
04:54:27     434   1.874   1.920   1.934   1.905   1.952   0.000
04:54:29     435   1.874   1.920   1.934   1.905   1.952   0.000
04:54:31     436   1.873   1.920   1.934   1.905   1.952   0.000
04:54:33     437   1.873   1.920   1.934   1.905   1.951   0.000
04:54:35     438   1.873   1.920   1.934   1.904   1.951   0.000
04:54:37     439   1.873   1.919   1.933   1.904   1.951   0.000
04:54:39     440   1.872   1.919   1.933   1.903   1.950   0.000
04:54:41     441   1.872   1.919   1.933   1.903   1.950   0.000
04:54:43     442   1.872   1.918   1.933   1.903   1.950   0.000
04:54:45     443   1.871   1.918   1.933   1.903   1.950   0.000
04:54:47     444   1.871   1.918   1.932   1.903   1.950   0.000
04:54:49     445   1.871   1.918   1.932   1.903   1.950   0.000
04:54:51     446   1.871   1.917   1.932   1.902   1.949   0.000
04:54:53     447   1.870   1.917   1.931   1.902   1.949   0.000
04:54:55     448   1.870   1.917   1.931   1.902   1.949   0.000
04:54:57     449   1.870   1.917   1.931   1.902   1.949   0.000
04:54:59     450   1.870   1.917   1.931   1.901   1.948   0.000
04:55:01     451   1.870   1.917   1.931   1.901   1.948   0.000
04:55:03     452   1.869   1.916   1.930   1.901   1.948   0.000
04:55:05     453   1.869   1.916   1.930   1.901   1.947   0.000
04:55:07     454   1.869   1.916   1.930   1.901   1.947   0.000
04:55:09     455   1.869   1.915   1.930   1.901   1.947   0.000
04:55:11     456   1.869   1.915   1.930   1.900   1.947   0.000
04:55:13     457   1.868   1.915   1.929   1.900   1.947   0.000
04:55:15     458   1.868   1.915   1.929   1.900   1.947   0.000
04:55:17     459   1.868   1.915   1.929   1.899   1.946   0.000
04:55:19     460   1.868   1.914   1.928   1.899   1.946   0.000
04:55:21     461   1.868   1.914   1.928   1.899   1.946   0.000
04:55:23     462   1.867   1.914   1.928   1.899   1.946   0.000
04:55:25     463   1.867   1.914   1.928   1.899   1.946   0.000
04:55:27     464   1.867   1.914   1.928   1.899   1.946   0.000
04:55:29     465   1.867   1.914   1.928   1.899   1.945   0.000
04:55:31     466   1.867   1.913   1.927   1.898   1.945   0.000
04:55:33     467   1.867   1.913   1.928   1.899   1.945   0.000
04:55:35     468   1.866   1.913   1.927   1.898   1.944   0.000
04:55:37     469   1.866   1.913   1.927   1.898   1.944   0.000
04:55:39     470   1.866   1.912   1.927   1.898   1.944   0.000
04:55:41     471   1.866   1.912   1.927   1.898   1.944   0.000
04:55:43     472   1.866   1.912   1.927   1.897   1.944   0.000
04:55:45     473   1.865   1.912   1.927   1.897   1.944   0.000
04:55:47     474   1.866   1.912   1.927   1.897   1.944   0.000
04:55:49     475   1.865   1.912   1.926   1.897   1.943   0.000
04:55:51     476   1.865   1.912   1.926   1.897   1.943   0.000
04:55:53     477   1.865   1.912   1.927   1.897   1.944   0.000
04:55:55     478   1.865   1.911   1.925   1.896   1.943   0.000
04:55:57     479   1.864   1.911   1.925   1.896   1.943   0.000
04:55:59     480   1.864   1.911   1.925   1.896   1.943   0.000
04:56:01     481   1.864   1.911   1.925   1.896   1.943   0.000
04:56:03     482   1.864   1.911   1.925   1.896   1.943   0.000
04:56:05     483   1.864   1.911   1.925   1.896   1.942   0.000
04:56:07     484   1.864   1.911   1.925   1.895   1.942   0.000
04:56:09     485   1.864   1.910   1.924   1.895   1.942   0.000
04:56:11     486   1.863   1.910   1.924   1.895   1.942   0.000
04:56:13     487   1.863   1.909   1.924   1.895   1.942   0.000
04:56:15     488   1.863   1.909   1.924   1.895   1.942   0.000
04:56:17     489   1.864   1.910   1.924   1.895   1.942   0.000
04:56:19     490   1.863   1.909   1.924   1.895   1.942   0.000
04:56:21     491   1.863   1.909   1.924   1.895   1.941   0.000
04:56:23     492   1.863   1.909   1.924   1.894   1.941   0.000
04:56:25     493   1.863   1.909   1.923   1.894   1.941   0.000
04:56:27     494   1.862   1.909   1.924   1.894   1.941   0.000
04:56:29     495   1.863   1.909   1.923   1.894   1.940   0.000
04:56:31     496   1.862   1.909   1.923   1.894   1.940   0.000
04:56:33     497   1.862   1.908   1.923   1.893   1.940   0.000
04:56:35     498   1.862   1.908   1.922   1.893   1.940   0.000
04:56:37     499   1.861   1.908   1.922   1.893   1.940   0.000
04:56:39     500   1.861   1.908   1.922   1.893   1.940   0.000
04:56:41     501   1.861   1.908   1.922   1.893   1.940   0.000
04:56:43     502   1.861   1.908   1.922   1.893   1.940   0.000
04:56:45     503   1.861   1.908   1.922   1.893   1.940   0.000
04:56:47     504   1.861   1.908   1.922   1.893   1.940   0.000
04:56:49     505   1.861   1.908   1.922   1.893   1.939   0.000
04:56:51     506   1.861   1.908   1.922   1.893   1.940   0.000
04:56:53     507   1.861   1.907   1.922   1.892   1.939   0.000
04:56:55     508   1.860   1.907   1.921   1.892   1.939   0.000
04:56:57     509   1.860   1.906   1.921   1.892   1.939   0.000
04:56:59     510   1.860   1.906   1.921   1.892   1.939   0.000
04:57:01     511   1.860   1.906   1.921   1.892   1.939   0.000
04:57:03     512   1.860   1.906   1.921   1.892   1.939   0.000
04:57:05     513   1.860   1.907   1.921   1.892   1.939   0.000
04:57:07     514   1.860   1.906   1.921   1.892   1.938   0.000
04:57:09     515   1.859   1.906   1.921   1.892   1.938   0.000
04:57:11     516   1.860   1.906   1.921   1.892   1.938   0.000
04:57:13     517   1.860   1.906   1.921   1.891   1.938   0.000
04:57:15     518   1.859   1.906   1.920   1.891   1.938   0.000
04:57:17     519   1.859   1.906   1.920   1.891   1.938   0.000
04:57:19     520   1.859   1.905   1.920   1.891   1.938   0.000
04:57:21     521   1.859   1.905   1.920   1.890   1.937   0.000
04:57:23     522   1.859   1.905   1.920   1.890   1.937   0.000
04:57:25     523   1.859   1.905   1.920   1.890   1.937   0.000
04:57:27     524   1.859   1.905   1.920   1.890   1.937   0.000
04:57:29     525   1.858   1.905   1.920   1.890   1.937   0.000
04:57:31     526   1.858   1.905   1.920   1.890   1.937   0.000
04:57:33     527   1.858   1.905   1.920   1.890   1.937   0.000
04:57:35     528   1.858   1.905   1.920   1.890   1.937   0.000
04:57:37     529   1.858   1.905   1.920   1.890   1.937   0.000
04:57:39     530   1.858   1.905   1.920   1.890   1.937   0.000
04:57:41     531   1.857   1.905   1.919   1.890   1.937   0.000
04:57:43     532   1.858   1.904   1.919   1.890   1.937   0.000
04:57:45     533   1.858   1.904   1.919   1.890   1.936   0.000
04:57:47     534   1.858   1.904   1.919   1.890   1.936   0.000
04:57:49     535   1.858   1.904   1.918   1.889   1.936   0.000
04:57:51     536   1.857   1.904   1.919   1.889   1.936   0.000
04:57:53     537   1.857   1.904   1.919   1.889   1.936   0.000
04:57:55     538   1.857   1.903   1.918   1.889   1.936   0.000
04:57:57     539   1.857   1.903   1.918   1.889   1.936   0.000
04:57:59     540   1.857   1.903   1.918   1.889   1.936   0.000
04:58:01     541   1.857   1.903   1.918   1.889   1.936   0.000
04:58:03     542   1.857   1.903   1.918   1.889   1.936   0.000
04:58:05     543   1.857   1.903   1.918   1.889   1.936   0.000
04:58:07     544   1.856   1.903   1.918   1.889   1.936   0.000
04:58:09     545   1.857   1.903   1.918   1.889   1.936   0.000
04:58:11     546   1.857   1.903   1.918   1.888   1.935   0.000
04:58:13     547   1.857   1.903   1.917   1.889   1.935   0.000
04:58:15     548   1.856   1.903   1.918   1.888   1.935   0.000
04:58:17     549   1.856   1.903   1.918   1.888   1.935   0.000
04:58:19     550   1.856   1.903   1.918   1.888   1.935   0.000
04:58:21     551   1.856   1.903   1.917   1.888   1.935   0.000
04:58:23     552   1.856   1.902   1.917   1.888   1.934   0.000
04:58:25     553   1.856   1.902   1.917   1.887   1.934   0.000
04:58:27     554   1.855   1.902   1.917   1.888   1.935   0.000
04:58:29     555   1.855   1.902   1.917   1.887   1.934   0.000
04:58:31     556   1.855   1.902   1.917   1.887   1.934   0.000
04:58:33     557   1.855   1.902   1.917   1.887   1.934   0.000
04:58:35     558   1.855   1.902   1.917   1.887   1.934   0.000
04:58:37     559   1.855   1.902   1.917   1.887   1.934   0.000
04:58:39     560   1.854   1.902   1.917   1.887   1.934   0.000
04:58:41     561   1.855   1.902   1.917   1.887   1.934   0.000
04:58:43     562   1.855   1.902   1.916   1.889   1.934   0.000
04:58:45     563   1.855   1.902   1.916   1.889   1.934   0.000
04:58:47     564   1.855   1.901   1.916   1.889   1.934   0.000
04:58:49     565   1.855   1.901   1.916   1.888   1.934   0.000
04:58:51     566   1.855   1.901   1.916   1.888   1.934   0.000
04:58:53     567   1.854   1.901   1.916   1.888   1.934   0.000
04:58:55     568   1.855   1.901   1.917   1.888   1.934   0.000
04:58:57     569   1.855   1.901   1.917   1.887   1.933   0.000
04:58:59     570   1.856   1.905   1.922   1.893   1.937   0.000
04:59:01     571   1.871   1.920   1.934   1.905   1.943   0.000
04:59:03     572   1.899   1.937   1.950   1.912   1.956   0.000
04:59:05     573   1.928   1.949   1.958   1.917   1.963   0.000
04:59:07     574   1.949   1.961   1.961   1.924   1.965   0.000
04:59:09     575   1.968   1.970   1.961   1.930   1.965   0.000
04:59:11     576   1.978   1.976   1.958   1.934   1.965   0.000
04:59:13     577   1.983   1.978   1.956   1.937   1.965   0.000
04:59:15     578   1.986   1.980   1.953   1.940   1.965   0.000
04:59:17     579   1.986   1.980   1.949   1.943   1.966   0.000
04:59:19     580   1.985   1.980   1.947   1.945   1.967   0.000
04:59:21     581   1.985   1.987   1.949   1.946   1.964   0.000
04:59:23     582   1.986   1.994   1.952   1.944   1.958   0.000
04:59:25     583   1.985   1.996   1.952   1.940   1.952   0.000
04:59:27     584   1.981   1.995   1.950   1.933   1.946   0.000
04:59:29     585   1.975   1.991   1.947   1.925   1.940   0.000
04:59:31     586   1.969   1.986   1.943   1.920   1.937   0.000
04:59:33     587   1.961   1.979   1.939   1.912   1.932   0.000
04:59:35     588   1.952   1.971   1.933   1.905   1.928   0.000
04:59:37     589   1.942   1.964   1.928   1.900   1.927   0.000
04:59:39     590   1.936   1.958   1.924   1.894   1.924   0.000
04:59:41     591   1.928   1.950   1.919   1.889   1.921   0.000
04:59:43     592   1.920   1.943   1.914   1.885   1.920   0.000
04:59:45     593   1.914   1.938   1.911   1.881   1.918   0.000
04:59:47     594   1.907   1.932   1.908   1.877   1.917   0.000
04:59:49     595   1.901   1.927   1.906   1.874   1.915   0.000
04:59:51     596   1.896   1.922   1.904   1.873   1.914   0.000
04:59:53     597   1.891   1.918   1.902   1.870   1.913   0.000
04:59:55     598   1.886   1.914   1.899   1.868   1.912   0.000
04:59:57     599   1.882   1.910   1.898   1.867   1.911   0.000
04:59:59     600   1.877   1.906   1.897   1.866   1.911   0.000
05:00:01     601   1.874   1.903   1.896   1.864   1.910   0.000
05:00:03     602   1.869   1.901   1.895   1.863   1.909   0.000
05:00:05     603   1.867   1.898   1.894   1.863   1.909   0.000
05:00:07     604   1.864   1.895   1.893   1.861   1.909   0.000
05:00:09     605   1.861   1.892   1.892   1.861   1.909   0.000
05:00:11     606   1.858   1.889   1.891   1.861   1.909   0.000
05:00:13     607   1.856   1.887   1.890   1.860   1.908   0.000
05:00:15     608   1.854   1.885   1.890   1.860   1.908   0.000
05:00:17     609   1.852   1.883   1.889   1.860   1.908   0.000
05:00:19     610   1.850   1.882   1.889   1.859   1.908   0.000
05:00:21     611   1.847   1.880   1.888   1.859   1.907   0.000
05:00:23     612   1.845   1.880   1.887   1.859   1.907   0.000
05:00:25     613   1.844   1.878   1.887   1.858   1.908   0.000
05:00:27     614   1.841   1.877   1.887   1.858   1.907   0.000
05:00:29     615   1.839   1.876   1.887   1.858   1.907   0.000
05:00:31     616   1.837   1.875   1.887   1.858   1.907   0.000
05:00:33     617   1.835   1.874   1.886   1.858   1.906   0.000
05:00:35     618   1.833   1.873   1.886   1.858   1.906   0.000
05:00:37     619   1.832   1.873   1.885   1.858   1.906   0.000
05:00:39     620   1.831   1.872   1.885   1.857   1.906   0.000
05:00:41     621   1.831   1.871   1.885   1.857   1.906   0.000
05:00:43     622   1.830   1.871   1.885   1.857   1.906   0.000
05:00:45     623   1.829   1.870   1.885   1.857   1.906   0.000
05:00:47     624   1.829   1.870   1.885   1.857   1.906   0.000
05:00:49     625   1.829   1.870   1.885   1.857   1.906   0.000
05:00:51     626   1.830   1.869   1.885   1.857   1.906   0.000
05:00:53     627   1.830   1.869   1.885   1.857   1.906   0.000
05:00:55     628   1.831   1.869   1.885   1.856   1.905   0.000
05:00:57     629   1.831   1.869   1.886   1.855   1.906   0.000
05:00:59     630   1.831   1.869   1.885   1.857   1.906   0.000
05:01:01     631   1.829   1.868   1.884   1.857   1.906   0.000
05:01:03     632   1.829   1.867   1.883   1.857   1.906   0.000
05:01:05     633   1.828   1.867   1.883   1.857   1.906   0.000
05:01:07     634   1.826   1.867   1.883   1.857   1.906   0.000
05:01:09     635   1.825   1.867   1.883   1.857   1.906   0.000
05:01:11     636   1.824   1.867   1.883   1.857   1.906   0.000
05:01:13     637   1.822   1.866   1.883   1.857   1.906   0.000
05:01:15     638   1.821   1.866   1.883   1.857   1.906   0.000
05:01:17     639   1.821   1.866   1.883   1.857   1.906   0.000
05:01:19     640   1.820   1.866   1.883   1.857   1.906   0.000
05:01:21     641   1.819   1.867   1.883   1.857   1.906   0.000
05:01:23     642   1.819   1.867   1.883   1.857   1.907   0.000
05:01:25     643   1.819   1.867   1.883   1.857   1.907   0.000
05:01:27     644   1.818   1.867   1.883   1.857   1.907   0.000
05:01:29     645   1.818   1.866   1.883   1.857   1.907   0.000
05:01:31     646   1.818   1.866   1.883   1.857   1.907   0.000
05:01:33     647   1.817   1.866   1.883   1.857   1.907   0.000
05:01:35     648   1.817   1.866   1.883   1.857   1.906   0.000
05:01:37     649   1.817   1.866   1.883   1.857   1.903   0.000
05:01:39     650   1.816   1.866   1.883   1.857   1.906   0.000
05:01:41     651   1.816   1.866   1.883   1.857   1.907   0.000
05:01:43     652   1.816   1.866   1.883   1.857   1.907   0.000
05:01:45     653   1.816   1.866   1.883   1.857   1.907   0.000
05:01:47     654   1.816   1.866   1.883   1.857   1.907   0.000
05:01:49     655   1.816   1.865   1.883   1.857   1.907   0.000
05:01:51     656   1.816   1.865   1.883   1.857   1.906   0.000
05:01:53     657   1.816   1.865   1.883   1.857   1.906   0.000
05:01:55     658   1.816   1.865   1.883   1.857   1.906   0.000
05:01:57     659   1.816   1.865   1.883   1.857   1.906   0.000
05:01:59     660   1.816   1.865   1.883   1.857   1.906   0.000
05:02:01     661   1.816   1.865   1.883   1.857   1.906   0.000
05:02:03     662   1.816   1.865   1.883   1.857   1.906   0.000
05:02:05     663   1.815   1.865   1.882   1.857   1.906   0.000
05:02:07     664   1.816   1.865   1.883   1.857   1.906   0.000
05:02:09     665   1.816   1.865   1.883   1.857   1.906   0.000
05:02:11     666   1.815   1.865   1.883   1.857   1.906   0.000
05:02:13     667   1.816   1.865   1.883   1.857   1.906   0.000
05:02:15     668   1.815   1.865   1.883   1.857   1.906   0.000
05:02:17     669   1.816   1.864   1.883   1.857   1.906   0.000
05:02:19     670   1.815   1.865   1.883   1.857   1.906   0.000
05:02:21     671   1.815   1.865   1.883   1.857   1.906   0.000
05:02:23     672   1.815   1.865   1.883   1.857   1.906   0.000
05:02:25     673   1.815   1.865   1.883   1.857   1.906   0.000
05:02:27     674   1.815   1.865   1.883   1.857   1.906   0.000
05:02:29     675   1.815   1.865   1.883   1.857   1.906   0.000
05:02:31     676   1.815   1.865   1.883   1.857   1.906   0.000
05:02:33     677   1.815   1.865   1.883   1.857   1.906   0.000
05:02:35     678   1.815   1.864   1.883   1.857   1.906   0.000
05:02:37     679   1.815   1.865   1.883   1.857   1.906   0.000
05:02:39     680   1.815   1.865   1.883   1.857   1.906   0.000
05:02:41     681   1.815   1.865   1.883   1.857   1.906   0.000
05:02:43     682   1.815   1.865   1.883   1.857   1.906   0.000
05:02:45     683   1.815   1.865   1.883   1.857   1.906   0.000
05:02:47     684   1.815   1.865   1.883   1.857   1.906   0.000
05:02:49     685   1.815   1.865   1.883   1.857   1.906   0.000
05:02:51     686   1.815   1.865   1.883   1.857   1.906   0.000
05:02:53     687   1.815   1.865   1.883   1.857   1.906   0.000
05:02:55     688   1.816   1.865   1.883   1.857   1.906   0.000
05:02:57     689   1.815   1.864   1.883   1.857   1.906   0.000
05:02:59     690   1.815   1.865   1.883   1.857   1.906   0.000
05:03:01     691   1.815   1.865   1.883   1.857   1.906   0.000
05:03:03     692   1.815   1.865   1.882   1.857   1.906   0.000
05:03:05     693   1.816   1.865   1.883   1.857   1.906   0.000
05:03:07     694   1.815   1.865   1.883   1.857   1.906   0.000
05:03:09     695   1.815   1.865   1.883   1.857   1.906   0.000
05:03:11     696   1.815   1.864   1.883   1.857   1.906   0.000
05:03:13     697   1.815   1.865   1.883   1.857   1.906   0.000
05:03:15     698   1.815   1.864   1.883   1.857   1.906   0.000
05:03:17     699   1.815   1.865   1.883   1.857   1.906   0.000
05:03:19     700   1.815   1.865   1.883   1.857   1.906   0.000
05:03:21     701   1.815   1.865   1.883   1.857   1.906   0.000
05:03:23     702   1.815   1.865   1.883   1.857   1.906   0.000
05:03:25     703   1.815   1.865   1.883   1.857   1.906   0.000
05:03:27     704   1.815   1.865   1.883   1.857   1.906   0.000
05:03:29     705   1.815   1.865   1.883   1.857   1.906   0.000
05:03:31     706   1.815   1.865   1.883   1.857   1.906   0.000
05:03:33     707   1.815   1.865   1.883   1.857   1.906   0.000
05:03:35     708   1.815   1.865   1.883   1.857   1.906   0.000
05:03:37     709   1.816   1.865   1.883   1.857   1.906   0.000
05:03:39     710   1.816   1.865   1.883   1.857   1.906   0.000
05:03:41     711   1.816   1.865   1.883   1.857   1.906   0.000
05:03:43     712   1.815   1.865   1.883   1.857   1.906   0.000
05:03:45     713   1.816   1.865   1.883   1.857   1.906   0.000
05:03:47     714   1.816   1.865   1.883   1.857   1.906   0.000
05:03:49     715   1.815   1.865   1.883   1.857   1.906   0.000
05:03:51     716   1.816   1.865   1.883   1.857   1.906   0.000
05:03:53     717   1.816   1.865   1.883   1.857   1.907   0.000
05:03:55     718   1.815   1.864   1.882   1.857   1.906   0.000
05:03:57     719   1.816   1.865   1.883   1.857   1.906   0.000
05:03:59     720   1.816   1.865   1.883   1.857   1.906   0.000
05:04:01     721   1.815   1.865   1.882   1.857   1.906   0.000
05:04:03     722   1.816   1.865   1.883   1.857   1.906   0.000
05:04:05     723   1.815   1.865   1.883   1.857   1.906   0.000
05:04:07     724   1.815   1.865   1.883   1.857   1.906   0.000
05:04:09     725   1.816   1.865   1.883   1.857   1.906   0.000
05:04:11     726   1.816   1.865   1.883   1.857   1.906   0.000
05:04:13     727   1.815   1.864   1.883   1.857   1.906   0.000
05:04:15     728   1.815   1.864   1.883   1.857   1.906   0.000
05:04:17     729   1.815   1.865   1.883   1.857   1.906   0.000
05:04:19     730   1.815   1.865   1.883   1.857   1.906   0.000
05:04:21     731   1.815   1.865   1.883   1.857   1.906   0.000
05:04:23     732   1.816   1.865   1.883   1.857   1.906   0.000
05:04:25     733   1.815   1.865   1.883   1.857   1.906   0.000
05:04:27     734   1.815   1.864   1.882   1.857   1.906   0.000
05:04:29     735   1.815   1.865   1.883   1.857   1.906   0.000
05:04:31     736   1.815   1.865   1.883   1.857   1.906   0.000
05:04:33     737   1.816   1.865   1.883   1.857   1.906   0.000
05:04:35     738   1.816   1.865   1.883   1.857   1.906   0.000
05:04:37     739   1.815   1.865   1.883   1.857   1.906   0.000
05:04:39     740   1.816   1.865   1.883   1.857   1.906   0.000
05:04:41     741   1.816   1.865   1.883   1.857   1.906   0.000
05:04:43     742   1.816   1.865   1.883   1.857   1.906   0.000
05:04:45     743   1.816   1.865   1.883   1.857   1.906   0.000
05:04:47     744   1.816   1.865   1.883   1.857   1.906   0.000
05:04:49     745   1.816   1.865   1.883   1.857   1.906   0.000
05:04:51     746   1.816   1.865   1.883   1.857   1.906   0.000
05:04:53     747   1.816   1.865   1.883   1.857   1.906   0.000
05:04:55     748   1.816   1.865   1.883   1.857   1.906   0.000
05:04:57     749   1.815   1.865   1.883   1.857   1.906   0.000
05:04:59     750   1.815   1.865   1.882   1.857   1.906   0.000
05:05:01     751   1.816   1.865   1.883   1.857   1.906   0.000
05:05:03     752   1.816   1.865   1.883   1.857   1.906   0.000
05:05:05     753   1.816   1.865   1.883   1.857   1.906   0.000
05:05:07     754   1.815   1.864   1.882   1.857   1.906   0.000
05:05:09     755   1.816   1.865   1.883   1.857   1.906   0.000
05:05:11     756   1.815   1.864   1.883   1.857   1.906   0.000
05:05:13     757   1.816   1.865   1.883   1.857   1.906   0.000
05:05:15     758   1.816   1.865   1.883   1.857   1.906   0.000
05:05:17     759   1.816   1.865   1.883   1.858   1.906   0.000
05:05:19     760   1.815   1.865   1.883   1.857   1.906   0.000
05:05:21     761   1.816   1.865   1.883   1.857   1.906   0.000
05:05:23     762   1.815   1.865   1.883   1.857   1.906   0.000
05:05:25     763   1.815   1.865   1.883   1.857   1.906   0.000
05:05:27     764   1.815   1.865   1.883   1.857   1.906   0.000
05:05:29     765   1.815   1.864   1.883   1.857   1.906   0.000
05:05:31     766   1.815   1.864   1.882   1.857   1.906   0.000
05:05:33     767   1.815   1.864   1.883   1.857   1.906   0.000
05:05:35     768   1.815   1.864   1.883   1.857   1.907   0.000
05:05:37     769   1.815   1.865   1.883   1.857   1.908   0.000
05:05:39     770   1.815   1.865   1.883   1.858   1.908   0.000
05:05:41     771   1.815   1.866   1.884   1.858   1.909   0.000
05:05:43     772   1.816   1.866   1.885   1.858   1.910   0.000
05:05:45     773   1.816   1.866   1.885   1.859   1.911   0.000
05:05:47     774   1.816   1.866   1.886   1.860   1.911   0.000
05:05:49     775   1.816   1.866   1.886   1.860   1.911   0.000
05:05:51     776   1.817   1.866   1.886   1.860   1.911   0.000
05:05:53     777   1.817   1.867   1.887   1.860   1.911   0.000
05:05:55     778   1.818   1.867   1.887   1.860   1.910   0.000
05:05:57     779   1.817   1.867   1.886   1.860   1.909   0.000
05:05:59     780   1.818   1.867   1.886   1.860   1.909   0.000
05:06:01     781   1.818   1.867   1.886   1.860   1.909   0.000
05:06:03     782   1.818   1.867   1.886   1.860   1.909   0.000
05:06:05     783   1.818   1.867   1.885   1.860   1.908   0.000
05:06:07     784   1.818   1.867   1.885   1.860   1.908   0.000
05:06:09     785   1.817   1.866   1.884   1.859   1.908   0.000
05:06:11     786   1.817   1.866   1.884   1.859   1.907   0.000
05:06:13     787   1.817   1.866   1.884   1.859   1.908   0.000
05:06:15     788   1.816   1.866   1.884   1.858   1.907   0.000
05:06:17     789   1.816   1.866   1.884   1.858   1.907   0.000
05:06:19     790   1.816   1.866   1.883   1.858   1.906   0.000
05:06:21     791   1.815   1.865   1.883   1.857   1.907   0.000
05:06:23     792   1.815   1.864   1.883   1.857   1.907   0.000
05:06:25     793   1.816   1.865   1.883   1.857   1.907   0.000
05:06:27     794   1.816   1.865   1.883   1.857   1.906   0.000
05:06:29     795   1.816   1.865   1.883   1.857   1.907   0.000
05:06:31     796   1.816   1.865   1.883   1.857   1.907   0.000
05:06:33     797   1.815   1.864   1.883   1.857   1.907   0.000
05:06:35     798   1.816   1.865   1.883   1.857   1.907   0.000
05:06:37     799   1.815   1.864   1.883   1.857   1.907   0.000
05:06:39     800   1.816   1.865   1.883   1.857   1.907   0.000
05:06:41     801   1.815   1.864   1.883   1.857   1.907   0.000
05:06:43     802   1.815   1.864   1.883   1.857   1.907   0.000
05:06:45     803   1.815   1.864   1.883   1.857   1.907   0.000
05:06:47     804   1.815   1.864   1.882   1.857   1.907   0.000
05:06:49     805   1.815   1.865   1.883   1.857   1.907   0.000
05:06:51     806   1.815   1.865   1.883   1.857   1.906   0.000
05:06:53     807   1.816   1.865   1.883   1.857   1.906   0.000
05:06:55     808   1.815   1.865   1.882   1.857   1.906   0.000
05:06:57     809   1.816   1.865   1.883   1.857   1.906   0.000
05:06:59     810   1.816   1.865   1.883   1.857   1.906   0.000
05:07:01     811   1.816   1.865   1.883   1.857   1.906   0.000
05:07:03     812   1.816   1.865   1.883   1.857   1.906   0.000
05:07:05     813   1.816   1.865   1.883   1.857   1.906   0.000
05:07:07     814   1.816   1.864   1.883   1.857   1.906   0.000
05:07:09     815   1.816   1.865   1.883   1.857   1.906   0.000
05:07:11     816   1.816   1.865   1.883   1.857   1.906   0.000
05:07:13     817   1.815   1.864   1.882   1.856   1.906   0.000
05:07:15     818   1.816   1.865   1.883   1.857   1.906   0.000
05:07:17     819   1.816   1.865   1.883   1.857   1.906   0.000
05:07:19     820   1.815   1.865   1.883   1.857   1.906   0.000
05:07:21     821   1.816   1.865   1.883   1.857   1.906   0.000
05:07:23     822   1.815   1.864   1.882   1.856   1.906   0.000
05:07:25     823   1.816   1.865   1.883   1.857   1.906   0.000
05:07:27     824   1.815   1.864   1.882   1.856   1.906   0.000
05:07:29     825   1.816   1.865   1.883   1.857   1.906   0.000
05:07:31     826   1.816   1.865   1.883   1.856   1.906   0.000
05:07:33     827   1.816   1.864   1.882   1.857   1.906   0.000
05:07:35     828   1.815   1.864   1.882   1.856   1.906   0.000
05:07:37     829   1.816   1.864   1.883   1.857   1.906   0.000
05:07:39     830   1.815   1.864   1.882   1.856   1.906   0.000
05:07:41     831   1.815   1.864   1.882   1.856   1.906   0.000
05:07:43     832   1.815   1.864   1.882   1.856   1.906   0.000
05:07:45     833   1.815   1.864   1.882   1.856   1.905   0.000
05:07:47     834   1.815   1.864   1.882   1.856   1.905   0.000
05:07:49     835   1.815   1.864   1.882   1.856   1.905   0.000
05:07:51     836   1.815   1.864   1.882   1.856   1.906   0.000
05:07:53     837   1.815   1.864   1.882   1.856   1.906   0.000
05:07:55     838   1.815   1.864   1.882   1.856   1.906   0.000
05:07:57     839   1.815   1.863   1.882   1.856   1.907   0.000
05:07:59     840   1.814   1.863   1.882   1.856   1.907   0.000
05:08:01     841   1.815   1.864   1.883   1.857   1.908   0.000
05:08:03     842   1.814   1.864   1.882   1.856   1.907   0.000
05:08:05     843   1.814   1.863   1.882   1.856   1.906   0.000
05:08:07     844   1.815   1.864   1.883   1.857   1.906   0.000
05:08:09     845   1.814   1.864   1.882   1.856   1.906   0.000
05:08:11     846   1.815   1.864   1.882   1.857   1.906   0.000
05:08:13     847   1.815   1.864   1.882   1.856   1.906   0.000
05:08:15     848   1.815   1.864   1.882   1.856   1.906   0.000
05:08:17     849   1.814   1.863   1.881   1.856   1.905   0.000
05:08:19     850   1.814   1.863   1.881   1.856   1.905   0.000
05:08:21     851   1.815   1.864   1.882   1.856   1.905   0.000
05:08:23     852   1.815   1.864   1.882   1.855   1.905   0.000
05:08:25     853   1.815   1.864   1.882   1.855   1.905   0.000
05:08:27     854   1.814   1.864   1.882   1.855   1.905   0.000
05:08:29     855   1.814   1.863   1.881   1.855   1.905   0.000
05:08:31     856   1.814   1.864   1.882   1.855   1.905   0.000
05:08:33     857   1.814   1.863   1.882   1.855   1.905   0.000
05:08:35     858   1.814   1.863   1.881   1.855   1.905   0.000
05:08:37     859   1.814   1.863   1.882   1.855   1.905   0.000
05:08:39     860   1.814   1.864   1.882   1.855   1.905   0.000
05:08:41     861   1.815   1.864   1.882   1.855   1.905   0.000
05:08:43     862   1.814   1.863   1.881   1.855   1.905   0.000
05:08:45     863   1.814   1.863   1.882   1.855   1.905   0.000
05:08:47     864   1.815   1.864   1.882   1.855   1.905   0.000
05:08:49     865   1.814   1.863   1.882   1.855   1.905   0.000
05:08:51     866   1.814   1.864   1.881   1.855   1.905   0.000
05:08:53     867   1.814   1.864   1.882   1.855   1.905   0.000
05:08:55     868   1.814   1.864   1.882   1.856   1.906   0.000
05:08:57     869   1.815   1.864   1.882   1.856   1.906   0.000
05:08:59     870   1.815   1.864   1.883   1.857   1.906   0.000
05:09:01     871   1.815   1.864   1.882   1.856   1.906   0.000
05:09:03     872   1.815   1.864   1.883   1.856   1.906   0.000
05:09:05     873   1.815   1.865   1.883   1.857   1.906   0.000
05:09:07     874   1.815   1.865   1.883   1.857   1.906   0.000
05:09:09     875   1.815   1.864   1.882   1.856   1.905   0.000
05:09:11     876   1.815   1.864   1.882   1.856   1.905   0.000
05:09:13     877   1.815   1.864   1.882   1.856   1.905   0.000
05:09:15     878   1.814   1.864   1.882   1.856   1.905   0.000
05:09:17     879   1.815   1.864   1.882   1.856   1.906   0.000
05:09:19     880   1.815   1.864   1.882   1.856   1.905   0.000
05:09:21     881   1.814   1.863   1.882   1.856   1.905   0.000
05:09:23     882   1.814   1.863   1.882   1.856   1.905   0.000
05:09:25     883   1.814   1.863   1.882   1.856   1.905   0.000
05:09:27     884   1.815   1.864   1.882   1.856   1.905   0.000
05:09:29     885   1.814   1.863   1.881   1.855   1.905   0.000
05:09:31     886   1.814   1.864   1.882   1.855   1.905   0.000
05:09:33     887   1.814   1.864   1.882   1.855   1.905   0.000
05:09:35     888   1.814   1.863   1.881   1.855   1.904   0.000
05:09:37     889   1.814   1.863   1.881   1.855   1.904   0.000
05:09:39     890   1.814   1.863   1.882   1.855   1.905   0.000
05:09:41     891   1.814   1.863   1.880   1.854   1.904   0.000
05:09:43     892   1.814   1.863   1.881   1.854   1.904   0.000
05:09:45     893   1.814   1.863   1.881   1.855   1.905   0.000
05:09:47     894   1.813   1.862   1.880   1.854   1.904   0.000
05:09:49     895   1.812   1.862   1.880   1.854   1.904   0.000
05:09:51     896   1.814   1.863   1.881   1.855   1.905   0.000
05:09:53     897   1.813   1.862   1.880   1.854   1.904   0.000
05:09:55     898   1.814   1.863   1.881   1.855   1.904   0.000
05:09:57     899   1.814   1.863   1.881   1.855   1.904   0.000
05:09:59     900   1.814   1.863   1.880   1.854   1.904   0.000
05:10:01     901   1.812   1.862   1.880   1.854   1.904   0.000
05:10:03     902   1.813   1.863   1.880   1.854   1.904   0.000
05:10:05     903   1.813   1.863   1.880   1.854   1.904   0.000
05:10:07     904   1.812   1.862   1.880   1.854   1.903   0.000
05:10:09     905   1.813   1.862   1.880   1.854   1.903   0.000
05:10:11     906   1.812   1.862   1.879   1.853   1.903   0.000
05:10:13     907   1.812   1.862   1.879   1.853   1.903   0.000
05:10:15     908   1.813   1.862   1.880   1.854   1.903   0.000
05:10:17     909   1.812   1.862   1.879   1.853   1.903   0.000
05:10:19     910   1.812   1.862   1.879   1.853   1.903   0.000
05:10:21     911   1.813   1.862   1.880   1.854   1.903   0.000
05:10:23     912   1.812   1.862   1.880   1.853   1.903   0.000
05:10:25     913   1.812   1.861   1.880   1.854   1.903   0.000
05:10:27     914   1.812   1.861   1.879   1.853   1.902   0.000
05:10:29     915   1.812   1.861   1.879   1.853   1.902   0.000
05:10:31     916   1.812   1.861   1.879   1.853   1.903   0.000
05:10:33     917   1.812   1.861   1.879   1.853   1.902   0.000
05:10:35     918   1.812   1.861   1.879   1.853   1.902   0.000
05:10:37     919   1.812   1.861   1.879   1.853   1.902   0.000
05:10:39     920   1.811   1.860   1.879   1.853   1.902   0.000
05:10:41     921   1.812   1.861   1.879   1.853   1.902   0.000
05:10:43     922   1.811   1.860   1.878   1.852   1.902   0.000
05:10:45     923   1.811   1.860   1.878   1.852   1.902   0.000
05:10:47     924   1.811   1.861   1.879   1.853   1.902   0.000
05:10:49     925   1.811   1.860   1.878   1.852   1.902   0.000
05:10:51     926   1.812   1.861   1.879   1.853   1.902   0.000
05:10:53     927   1.811   1.861   1.879   1.853   1.902   0.000
05:10:55     928   1.812   1.861   1.879   1.853   1.902   0.000
05:10:57     929   1.811   1.860   1.878   1.852   1.902   0.000
05:10:59     930   1.811   1.860   1.878   1.852   1.902   0.000
05:11:01     931   1.811   1.860   1.878   1.852   1.902   0.000
05:11:03     932   1.811   1.860   1.878   1.852   1.902   0.000
05:11:05     933   1.811   1.860   1.878   1.851   1.902   0.000
05:11:07     934   1.811   1.860   1.878   1.851   1.902   0.000
05:11:09     935   1.811   1.860   1.879   1.853   1.902   0.000
05:11:11     936   1.810   1.859   1.878   1.851   1.901   0.000
05:11:13     937   1.810   1.860   1.878   1.851   1.901   0.000
05:11:15     938   1.810   1.859   1.878   1.851   1.901   0.000
05:11:17     939   1.810   1.859   1.878   1.851   1.901   0.000
05:11:19     940   1.810   1.859   1.878   1.851   1.901   0.000
05:11:21     941   1.810   1.859   1.878   1.851   1.901   0.000
05:11:23     942   1.810   1.859   1.878   1.851   1.901   0.000
05:11:25     943   1.809   1.859   1.878   1.851   1.901   0.000
05:11:27     944   1.809   1.859   1.877   1.851   1.901   0.000
05:11:29     945   1.809   1.859   1.877   1.851   1.901   0.000
05:11:31     946   1.809   1.859   1.877   1.851   1.901   0.000
05:11:33     947   1.809   1.859   1.877   1.851   1.901   0.000
05:11:35     948   1.809   1.859   1.877   1.851   1.901   0.000
05:11:37     949   1.809   1.859   1.877   1.851   1.901   0.000
05:11:39     950   1.809   1.859   1.877   1.851   1.901   0.000
05:11:41     951   1.809   1.858   1.877   1.851   1.901   0.000
05:11:43     952   1.809   1.859   1.876   1.851   1.900   0.000
05:11:45     953   1.808   1.858   1.876   1.850   1.900   0.000
05:11:47     954   1.809   1.858   1.876   1.850   1.900   0.000
05:11:49     955   1.809   1.858   1.876   1.850   1.900   0.000
05:11:51     956   1.809   1.857   1.876   1.850   1.899   0.000
05:11:53     957   1.808   1.857   1.876   1.850   1.900   0.000
05:11:55     958   1.808   1.857   1.876   1.850   1.900   0.000
05:11:57     959   1.808   1.857   1.876   1.850   1.899   0.000
05:11:59     960   1.808   1.857   1.876   1.850   1.899   0.000
05:12:01     961   1.808   1.857   1.876   1.850   1.899   0.000
05:12:03     962   1.808   1.857   1.876   1.850   1.899   0.000
05:12:05     963   1.808   1.857   1.876   1.850   1.899   0.000
05:12:07     964   1.808   1.857   1.876   1.850   1.899   0.000
05:12:09     965   1.808   1.857   1.876   1.850   1.899   0.000
05:12:11     966   1.808   1.857   1.876   1.850   1.899   0.000
05:12:13     967   1.808   1.857   1.876   1.850   1.899   0.000
05:12:15     968   1.808   1.857   1.876   1.850   1.899   0.000
05:12:17     969   1.808   1.857   1.875   1.850   1.899   0.000
05:12:19     970   1.808   1.857   1.876   1.850   1.899   0.000
05:12:21     971   1.808   1.857   1.875   1.849   1.899   0.000
05:12:23     972   1.808   1.857   1.875   1.849   1.899   0.000
05:12:25     973   1.808   1.857   1.876   1.849   1.899   0.000
05:12:27     974   1.808   1.857   1.875   1.849   1.899   0.000
05:12:29     975   1.807   1.857   1.875   1.849   1.899   0.000
05:12:31     976   1.807   1.857   1.875   1.849   1.899   0.000
05:12:33     977   1.807   1.857   1.875   1.849   1.898   0.000
05:12:35     978   1.807   1.856   1.874   1.848   1.898   0.000
05:12:37     979   1.807   1.856   1.875   1.848   1.898   0.000
05:12:39     980   1.807   1.856   1.874   1.848   1.898   0.000
05:12:41     981   1.807   1.856   1.875   1.848   1.898   0.000
05:12:43     982   1.806   1.856   1.874   1.848   1.898   0.000
05:12:45     983   1.807   1.856   1.874   1.848   1.898   0.000
05:12:47     984   1.807   1.856   1.875   1.848   1.898   0.000
05:12:49     985   1.806   1.855   1.874   1.848   1.898   0.000
05:12:51     986   1.807   1.856   1.874   1.848   1.898   0.000
05:12:53     987   1.806   1.855   1.874   1.848   1.898   0.000
05:12:55     988   1.806   1.855   1.874   1.848   1.898   0.000
05:12:57     989   1.807   1.856   1.874   1.848   1.898   0.000
05:12:59     990   1.806   1.855   1.874   1.848   1.898   0.000
05:13:01     991   1.806   1.856   1.874   1.848   1.898   0.000
05:13:03     992   1.806   1.855   1.874   1.848   1.898   0.000
05:13:05     993   1.806   1.855   1.874   1.848   1.898   0.000
05:13:07     994   1.806   1.855   1.874   1.848   1.897   0.000
05:13:09     995   1.806   1.855   1.873   1.848   1.897   0.000
05:13:11     996   1.806   1.855   1.873   1.847   1.897   0.000
05:13:13     997   1.806   1.855   1.873   1.847   1.897   0.000
05:13:15     998   1.806   1.855   1.873   1.847   1.897   0.000
05:13:17     999   1.806   1.855   1.873   1.847   1.897   0.000
05:13:19    1000   1.806   1.855   1.873   1.847   1.897   0.000
05:13:21    1001   1.805   1.855   1.873   1.847   1.897   0.000
05:13:23    1002   1.805   1.855   1.873   1.847   1.896   0.000
05:13:25    1003   1.805   1.855   1.873   1.847   1.896   0.000
05:13:27    1004   1.805   1.854   1.873   1.847   1.896   0.000
05:13:29    1005   1.805   1.854   1.873   1.847   1.896   0.000
05:13:31    1006   1.805   1.854   1.873   1.847   1.896   0.000
05:13:33    1007   1.805   1.854   1.873   1.847   1.896   0.000
05:13:35    1008   1.805   1.854   1.873   1.847   1.896   0.000
05:13:37    1009   1.805   1.854   1.873   1.847   1.896   0.000
05:13:39    1010   1.805   1.854   1.872   1.846   1.896   0.000
05:13:41    1011   1.805   1.854   1.873   1.847   1.896   0.000
05:13:43    1012   1.805   1.854   1.872   1.846   1.896   0.000
05:13:45    1013   1.805   1.854   1.872   1.846   1.896   0.000
05:13:47    1014   1.804   1.854   1.872   1.846   1.896   0.000
05:13:49    1015   1.804   1.854   1.872   1.846   1.896   0.000
05:13:51    1016   1.804   1.853   1.872   1.846   1.895   0.000
05:13:53    1017   1.804   1.853   1.872   1.846   1.895   0.000
05:13:55    1018   1.804   1.853   1.872   1.846   1.895   0.000
05:13:57    1019   1.804   1.853   1.871   1.845   1.895   0.000
05:13:59    1020   1.804   1.853   1.871   1.845   1.895   0.000
05:14:01    1021   1.804   1.853   1.872   1.846   1.895   0.000
05:14:03    1022   1.804   1.853   1.871   1.845   1.895   0.000
05:14:05    1023   1.803   1.853   1.871   1.845   1.895   0.000
05:14:07    1024   1.804   1.853   1.872   1.846   1.895   0.000
05:14:09    1025   1.804   1.853   1.872   1.846   1.895   0.000
05:14:11    1026   1.803   1.853   1.871   1.845   1.895   0.000
05:14:13    1027   1.804   1.853   1.871   1.845   1.895   0.000
05:14:15    1028   1.804   1.853   1.871   1.845   1.895   0.000
05:14:17    1029   1.803   1.853   1.871   1.845   1.895   0.000
05:14:19    1030   1.803   1.853   1.871   1.845   1.895   0.000
05:14:21    1031   1.803   1.853   1.871   1.845   1.895   0.000
05:14:23    1032   1.804   1.853   1.871   1.845   1.895   0.000
05:14:25    1033   1.803   1.853   1.871   1.845   1.894   0.000
05:14:27    1034   1.803   1.852   1.871   1.845   1.895   0.000
05:14:29    1035   1.803   1.852   1.871   1.845   1.894   0.000
05:14:31    1036   1.803   1.852   1.871   1.844   1.894   0.000
05:14:33    1037   1.803   1.852   1.870   1.844   1.894   0.000
05:14:35    1038   1.803   1.852   1.870   1.844   1.894   0.000
05:14:37    1039   1.803   1.852   1.870   1.844   1.894   0.000
05:14:39    1040   1.803   1.852   1.870   1.844   1.894   0.000
05:14:41    1041   1.802   1.852   1.870   1.844   1.894   0.000
05:14:43    1042   1.802   1.852   1.870   1.844   1.894   0.000
05:14:45    1043   1.802   1.851   1.870   1.844   1.893   0.000
05:14:47    1044   1.802   1.852   1.870   1.844   1.893   0.000
05:14:49    1045   1.802   1.851   1.870   1.844   1.893   0.000
05:14:51    1046   1.802   1.851   1.870   1.844   1.894   0.000
05:14:53    1047   1.802   1.851   1.870   1.844   1.893   0.000
05:14:55    1048   1.802   1.851   1.870   1.844   1.893   0.000
05:14:57    1049   1.802   1.851   1.870   1.844   1.893   0.000
05:14:59    1050   1.802   1.851   1.870   1.844   1.893   0.000
05:15:01    1051   1.802   1.851   1.869   1.844   1.893   0.000
05:15:03    1052   1.802   1.851   1.870   1.844   1.893   0.000
05:15:05    1053   1.802   1.851   1.869   1.843   1.893   0.000
05:15:07    1054   1.802   1.851   1.869   1.843   1.893   0.000
05:15:09    1055   1.802   1.851   1.869   1.843   1.892   0.000
05:15:11    1056   1.802   1.851   1.869   1.843   1.892   0.000
05:15:13    1057   1.801   1.850   1.868   1.843   1.892   0.000
05:15:15    1058   1.801   1.850   1.869   1.842   1.892   0.000
05:15:17    1059   1.801   1.851   1.868   1.842   1.892   0.000
05:15:19    1060   1.801   1.850   1.868   1.842   1.892   0.000
05:15:21    1061   1.801   1.850   1.868   1.842   1.892   0.000
05:15:23    1062   1.801   1.850   1.868   1.842   1.892   0.000
05:15:25    1063   1.801   1.850   1.868   1.842   1.892   0.000
05:15:27    1064   1.801   1.850   1.868   1.842   1.892   0.000
05:15:29    1065   1.801   1.850   1.868   1.842   1.892   0.000
05:15:31    1066   1.801   1.850   1.868   1.842   1.892   0.000
05:15:33    1067   1.801   1.850   1.868   1.842   1.892   0.000
05:15:35    1068   1.801   1.850   1.868   1.842   1.892   0.000
05:15:37    1069   1.801   1.850   1.868   1.842   1.892   0.000
05:15:39    1070   1.801   1.850   1.868   1.842   1.892   0.000
05:15:41    1071   1.801   1.850   1.868   1.842   1.892   0.000
05:15:43    1072   1.800   1.850   1.868   1.842   1.892   0.000
05:15:45    1073   1.800   1.850   1.867   1.842   1.892   0.000
05:15:47    1074   1.801   1.850   1.867   1.841   1.891   0.000
05:15:49    1075   1.801   1.849   1.867   1.842   1.891   0.000
05:15:51    1076   1.800   1.850   1.867   1.842   1.892   0.000
05:15:53    1077   1.801   1.850   1.867   1.842   1.891   0.000
05:15:55    1078   1.801   1.850   1.867   1.841   1.891   0.000
05:15:57    1079   1.801   1.850   1.867   1.841   1.891   0.000
05:15:59    1080   1.801   1.850   1.868   1.841   1.891   0.000
05:16:01    1081   1.800   1.850   1.867   1.841   1.891   0.000
05:16:03    1082   1.801   1.850   1.867   1.841   1.891   0.000
05:16:05    1083   1.800   1.850   1.867   1.841   1.891   0.000
05:16:07    1084   1.801   1.850   1.867   1.841   1.891   0.000
05:16:09    1085   1.801   1.850   1.867   1.841   1.891   0.000
05:16:11    1086   1.801   1.850   1.867   1.841   1.891   0.000
05:16:13    1087   1.800   1.850   1.867   1.841   1.891   0.000
05:16:15    1088   1.800   1.850   1.867   1.841   1.892   0.000
05:16:17    1089   1.801   1.850   1.867   1.841   1.891   0.000
05:16:19    1090   1.800   1.850   1.867   1.841   1.891   0.000
05:16:21    1091   1.800   1.850   1.867   1.841   1.891   0.000
05:16:23    1092   1.800   1.850   1.867   1.841   1.891   0.000
05:16:25    1093   1.800   1.850   1.867   1.841   1.891   0.000
05:16:27    1094   1.801   1.850   1.867   1.841   1.891   0.000
05:16:29    1095   1.800   1.850   1.867   1.841   1.891   0.000
05:16:31    1096   1.801   1.850   1.867   1.841   1.891   0.000
05:16:33    1097   1.800   1.850   1.867   1.841   1.891   0.000
05:16:35    1098   1.801   1.850   1.867   1.841   1.891   0.000
05:16:37    1099   1.800   1.850   1.867   1.841   1.891   0.000
05:16:39    1100   1.801   1.850   1.867   1.841   1.891   0.000
05:16:41    1101   1.800   1.850   1.867   1.841   1.891   0.000
05:16:43    1102   1.800   1.849   1.867   1.841   1.891   0.000
05:16:45    1103   1.800   1.850   1.867   1.841   1.891   0.000
05:16:47    1104   1.800   1.850   1.867   1.841   1.891   0.000
05:16:49    1105   1.800   1.850   1.867   1.841   1.891   0.000
05:16:51    1106   1.800   1.849   1.867   1.841   1.891   0.000
05:16:53    1107   1.800   1.849   1.867   1.841   1.891   0.000
05:16:55    1108   1.800   1.849   1.867   1.841   1.891   0.000
05:16:57    1109   1.800   1.850   1.867   1.841   1.891   0.000
05:16:59    1110   1.799   1.850   1.867   1.841   1.891   0.000
05:17:01    1111   1.800   1.849   1.867   1.841   1.891   0.000
05:17:03    1112   1.800   1.849   1.867   1.841   1.891   0.000
05:17:05    1113   1.800   1.849   1.867   1.841   1.891   0.000
05:17:07    1114   1.800   1.850   1.867   1.841   1.891   0.000
05:17:09    1115   1.800   1.849   1.867   1.841   1.891   0.000
05:17:11    1116   1.800   1.849   1.867   1.841   1.891   0.000
05:17:13    1117   1.800   1.850   1.867   1.841   1.891   0.000
05:17:15    1118   1.800   1.849   1.867   1.841   1.891   0.000
05:17:17    1119   1.800   1.850   1.867   1.841   1.891   0.000
05:17:19    1120   1.800   1.849   1.867   1.841   1.891   0.000
05:17:21    1121   1.800   1.849   1.867   1.841   1.891   0.000
05:17:23    1122   1.800   1.849   1.867   1.841   1.891   0.000
05:17:25    1123   1.801   1.849   1.867   1.841   1.891   0.000
05:17:27    1124   1.800   1.849   1.867   1.841   1.891   0.000
05:17:29    1125   1.800   1.849   1.867   1.841   1.891   0.000
05:17:31    1126   1.800   1.850   1.867   1.841   1.891   0.000
05:17:33    1127   1.800   1.849   1.867   1.841   1.891   0.000
05:17:35    1128   1.801   1.850   1.867   1.841   1.891   0.000
05:17:37    1129   1.800   1.849   1.867   1.841   1.891   0.000
05:17:39    1130   1.800   1.849   1.867   1.841   1.891   0.000
05:17:41    1131   1.800   1.849   1.867   1.841   1.891   0.000
05:17:43    1132   1.800   1.849   1.867   1.841   1.891   0.000
05:17:45    1133   1.800   1.849   1.867   1.841   1.891   0.000
05:17:47    1134   1.800   1.849   1.867   1.841   1.891   0.000
05:17:49    1135   1.800   1.849   1.867   1.841   1.891   0.000
05:17:51    1136   1.800   1.849   1.867   1.841   1.891   0.000
05:17:53    1137   1.799   1.849   1.867   1.841   1.891   0.000
05:17:55    1138   1.800   1.850   1.867   1.841   1.891   0.000
05:17:57    1139   1.799   1.850   1.867   1.841   1.891   0.000
05:17:59    1140   1.800   1.849   1.867   1.841   1.891   0.000
05:18:01    1141   1.799   1.849   1.867   1.841   1.891   0.000
05:18:03    1142   1.800   1.850   1.867   1.841   1.891   0.000
05:18:05    1143   1.800   1.850   1.867   1.841   1.891   0.000
05:18:07    1144   1.800   1.849   1.867   1.841   1.891   0.000
05:18:09    1145   1.800   1.849   1.867   1.841   1.891   0.000
05:18:11    1146   1.799   1.850   1.867   1.841   1.891   0.000
05:18:13    1147   1.801   1.850   1.867   1.841   1.891   0.000
05:18:15    1148   1.801   1.850   1.867   1.841   1.891   0.000
05:18:17    1149   1.800   1.850   1.867   1.841   1.891   0.000
05:18:19    1150   1.800   1.849   1.867   1.841   1.891   0.000
05:18:21    1151   1.799   1.848   1.867   1.841   1.891   0.000
05:18:23    1152   1.801   1.850   1.867   1.841   1.891   0.000
05:18:25    1153   1.800   1.850   1.867   1.841   1.891   0.000
05:18:27    1154   1.800   1.850   1.867   1.841   1.891   0.000
05:18:29    1155   1.800   1.849   1.867   1.841   1.891   0.000
05:18:31    1156   1.800   1.849   1.867   1.841   1.891   0.000
05:18:33    1157   1.800   1.850   1.867   1.841   1.891   0.000
05:18:35    1158   1.800   1.850   1.867   1.841   1.891   0.000
05:18:37    1159   1.799   1.848   1.867   1.841   1.891   0.000
05:18:39    1160   1.801   1.849   1.867   1.841   1.891   0.000
05:18:41    1161   1.800   1.850   1.867   1.841   1.891   0.000
05:18:43    1162   1.801   1.850   1.867   1.841   1.891   0.000
05:18:45    1163   1.800   1.850   1.867   1.841   1.891   0.000
05:18:47    1164   1.800   1.849   1.867   1.841   1.891   0.000
05:18:49    1165   1.799   1.849   1.867   1.841   1.891   0.000
05:18:51    1166   1.800   1.850   1.867   1.841   1.891   0.000
05:18:53    1167   1.800   1.850   1.867   1.841   1.891   0.000
05:18:55    1168   1.799   1.849   1.867   1.841   1.891   0.000
05:18:57    1169   1.799   1.849   1.867   1.841   1.891   0.000
05:18:59    1170   1.800   1.850   1.867   1.841   1.891   0.000
05:19:01    1171   1.800   1.850   1.867   1.841   1.891   0.000
05:19:03    1172   1.799   1.848   1.867   1.841   1.891   0.000
05:19:05    1173   1.799   1.849   1.867   1.841   1.891   0.000
05:19:07    1174   1.799   1.848   1.867   1.841   1.891   0.000
05:19:09    1175   1.801   1.850   1.867   1.841   1.891   0.000
05:19:11    1176   1.800   1.849   1.867   1.841   1.891   0.000
05:19:13    1177   1.800   1.850   1.867   1.841   1.891   0.000
05:19:15    1178   1.799   1.848   1.867   1.841   1.891   0.000
05:19:17    1179   1.800   1.849   1.867   1.841   1.891   0.000
05:19:19    1180   1.800   1.849   1.867   1.841   1.891   0.000
05:19:21    1181   1.801   1.849   1.867   1.841   1.891   0.000
05:19:23    1182   1.800   1.849   1.867   1.841   1.891   0.000
05:19:25    1183   1.800   1.849   1.867   1.841   1.891   0.000
05:19:27    1184   1.800   1.849   1.867   1.841   1.891   0.000
05:19:29    1185   1.800   1.850   1.867   1.841   1.891   0.000
05:19:31    1186   1.800   1.850   1.867   1.841   1.891   0.000
05:19:33    1187   1.800   1.850   1.867   1.841   1.891   0.000
05:19:35    1188   1.799   1.848   1.867   1.841   1.891   0.000
05:19:37    1189   1.799   1.848   1.867   1.841   1.891   0.000
05:19:39    1190   1.800   1.850   1.867   1.841   1.891   0.000
05:19:41    1191   1.800   1.850   1.867   1.841   1.891   0.000
05:19:43    1192   1.800   1.850   1.867   1.841   1.891   0.000
05:19:45    1193   1.799   1.848   1.867   1.841   1.891   0.000
05:19:47    1194   1.800   1.849   1.867   1.841   1.891   0.000
05:19:49    1195   1.800   1.849   1.867   1.841   1.891   0.000
05:19:51    1196   1.800   1.849   1.867   1.841   1.891   0.000
05:19:53    1197   1.799   1.849   1.867   1.841   1.891   0.000
05:19:55    1198   1.800   1.848   1.867   1.841   1.891   0.000
05:19:57    1199   1.800   1.850   1.867   1.841   1.891   0.000
05:19:59    1200   1.800   1.850   1.867   1.841   1.891   0.000
05:20:01    1201   1.799   1.849   1.867   1.841   1.891   0.000
05:20:03    1202   1.799   1.848   1.867   1.841   1.891   0.000
05:20:05    1203   1.800   1.849   1.867   1.841   1.891   0.000
05:20:07    1204   1.799   1.850   1.867   1.841   1.891   0.000
05:20:09    1205   1.800   1.849   1.867   1.841   1.891   0.000
05:20:11    1206   1.800   1.850   1.867   1.841   1.891   0.000
05:20:13    1207   1.799   1.849   1.867   1.841   1.891   0.000
05:20:15    1208   1.800   1.849   1.867   1.841   1.891   0.000
05:20:17    1209   1.800   1.850   1.867   1.841   1.891   0.000
05:20:19    1210   1.801   1.850   1.867   1.841   1.891   0.000
05:20:21    1211   1.799   1.848   1.867   1.841   1.891   0.000
05:20:23    1212   1.800   1.849   1.867   1.841   1.891   0.000
05:20:25    1213   1.800   1.849   1.867   1.841   1.891   0.000
05:20:27    1214   1.800   1.850   1.867   1.841   1.891   0.000
05:20:29    1215   1.800   1.850   1.867   1.841   1.891   0.000
05:20:31    1216   1.800   1.850   1.867   1.841   1.891   0.000
05:20:33    1217   1.799   1.849   1.867   1.841   1.891   0.000
05:20:35    1218   1.800   1.849   1.867   1.841   1.891   0.000
05:20:37    1219   1.800   1.850   1.867   1.841   1.891   0.000
05:20:39    1220   1.799   1.849   1.867   1.841   1.891   0.000
05:20:41    1221   1.799   1.849   1.867   1.841   1.891   0.000
05:20:43    1222   1.799   1.849   1.867   1.841   1.891   0.000
05:20:45    1223   1.799   1.849   1.867   1.841   1.891   0.000
05:20:47    1224   1.801   1.850   1.867   1.841   1.891   0.000
05:20:49    1225   1.800   1.850   1.867   1.841   1.891   0.000
05:20:51    1226   1.799   1.848   1.867   1.841   1.891   0.000
05:20:53    1227   1.800   1.849   1.867   1.841   1.891   0.000
05:20:55    1228   1.800   1.849   1.867   1.841   1.891   0.000
05:20:57    1229   1.799   1.849   1.867   1.841   1.891   0.000
05:20:59    1230   1.800   1.850   1.867   1.841   1.891   0.000
05:21:01    1231   1.799   1.849   1.867   1.841   1.891   0.000
05:21:03    1232   1.801   1.849   1.867   1.841   1.891   0.000
05:21:05    1233   1.799   1.849   1.867   1.841   1.891   0.000
05:21:07    1234   1.801   1.850   1.867   1.841   1.891   0.000
05:21:09    1235   1.800   1.850   1.867   1.841   1.891   0.000
05:21:11    1236   1.799   1.849   1.867   1.841   1.891   0.000
05:21:13    1237   1.799   1.849   1.867   1.841   1.891   0.000
05:21:15    1238   1.800   1.849   1.867   1.841   1.891   0.000
05:21:17    1239   1.800   1.849   1.867   1.841   1.891   0.000
05:21:19    1240   1.800   1.849   1.867   1.841   1.891   0.000
05:21:21    1241   1.799   1.849   1.867   1.841   1.891   0.000
05:21:23    1242   1.799   1.849   1.867   1.841   1.891   0.000
05:21:25    1243   1.800   1.850   1.867   1.841   1.891   0.000
05:21:27    1244   1.801   1.850   1.867   1.841   1.891   0.000
05:21:29    1245   1.799   1.849   1.867   1.841   1.891   0.000
05:21:31    1246   1.799   1.848   1.867   1.841   1.891   0.000
05:21:33    1247   1.800   1.850   1.867   1.841   1.891   0.000
05:21:35    1248   1.800   1.850   1.867   1.841   1.891   0.000
05:21:37    1249   1.800   1.850   1.867   1.841   1.891   0.000
05:21:39    1250   1.799   1.849   1.867   1.841   1.891   0.000
05:21:41    1251   1.800   1.849   1.867   1.841   1.891   0.000
05:21:43    1252   1.799   1.849   1.867   1.841   1.891   0.000
05:21:45    1253   1.799   1.849   1.867   1.841   1.891   0.000
05:21:47    1254   1.800   1.850   1.867   1.841   1.891   0.000
05:21:49    1255   1.799   1.848   1.867   1.841   1.891   0.000
05:21:51    1256   1.801   1.850   1.867   1.841   1.891   0.000
05:21:53    1257   1.801   1.850   1.867   1.841   1.891   0.000
05:21:55    1258   1.799   1.849   1.867   1.841   1.891   0.000
05:21:57    1259   1.799   1.849   1.867   1.841   1.891   0.000
05:21:59    1260   1.800   1.849   1.867   1.841   1.891   0.000
05:22:01    1261   1.800   1.848   1.867   1.841   1.891   0.000
05:22:03    1262   1.800   1.850   1.867   1.841   1.891   0.000
05:22:05    1263   1.801   1.850   1.867   1.841   1.891   0.000
05:22:07    1264   1.800   1.849   1.867   1.841   1.891   0.000
05:22:09    1265   1.800   1.850   1.867   1.841   1.891   0.000
05:22:11    1266   1.800   1.849   1.867   1.841   1.891   0.000
05:22:13    1267   1.801   1.850   1.867   1.841   1.891   0.000
05:22:15    1268   1.801   1.849   1.867   1.841   1.891   0.000
05:22:17    1269   1.800   1.849   1.867   1.841   1.891   0.000
05:22:19    1270   1.799   1.849   1.867   1.841   1.891   0.000
05:22:21    1271   1.799   1.849   1.867   1.841   1.891   0.000
05:22:23    1272   1.799   1.849   1.867   1.841   1.891   0.000
05:22:25    1273   1.801   1.850   1.867   1.841   1.891   0.000
05:22:27    1274   1.799   1.849   1.867   1.841   1.891   0.000
05:22:29    1275   1.800   1.849   1.867   1.841   1.891   0.000
05:22:31    1276   1.800   1.849   1.867   1.841   1.891   0.000
05:22:33    1277   1.799   1.849   1.867   1.841   1.891   0.000
05:22:35    1278   1.801   1.850   1.867   1.841   1.891   0.000
05:22:37    1279   1.800   1.850   1.867   1.841   1.891   0.000
05:22:39    1280   1.799   1.849   1.867   1.841   1.891   0.000
05:22:41    1281   1.799   1.849   1.867   1.841   1.891   0.000
05:22:43    1282   1.800   1.849   1.867   1.841   1.891   0.000
05:22:45    1283   1.801   1.850   1.867   1.841   1.891   0.000
05:22:47    1284   1.800   1.849   1.867   1.841   1.891   0.000
05:22:49    1285   1.799   1.849   1.867   1.841   1.891   0.000
05:22:51    1286   1.800   1.849   1.867   1.841   1.891   0.000
05:22:53    1287   1.801   1.850   1.867   1.841   1.891   0.000
05:22:55    1288   1.799   1.849   1.867   1.841   1.891   0.000
05:22:57    1289   1.799   1.849   1.867   1.841   1.891   0.000
05:22:59    1290   1.799   1.849   1.867   1.841   1.891   0.000
05:23:01    1291   1.800   1.850   1.867   1.841   1.891   0.000
05:23:03    1292   1.800   1.849   1.867   1.841   1.891   0.000
05:23:05    1293   1.799   1.849   1.867   1.841   1.891   0.000
05:23:07    1294   1.801   1.850   1.867   1.841   1.891   0.000
05:23:09    1295   1.799   1.849   1.867   1.841   1.891   0.000
05:23:11    1296   1.800   1.850   1.867   1.841   1.891   0.000
05:23:13    1297   1.800   1.849   1.867   1.841   1.891   0.000
05:23:15    1298   1.800   1.849   1.867   1.841   1.891   0.000
05:23:17    1299   1.799   1.849   1.867   1.841   1.891   0.000
05:23:19    1300   1.799   1.849   1.867   1.841   1.891   0.000
05:23:21    1301   1.799   1.849   1.867   1.841   1.891   0.000
05:23:23    1302   1.800   1.849   1.867   1.841   1.891   0.000
05:23:25    1303   1.800   1.849   1.867   1.841   1.891   0.000
05:23:27    1304   1.799   1.849   1.867   1.841   1.891   0.000
05:23:29    1305   1.799   1.849   1.867   1.841   1.891   0.000
05:23:31    1306   1.799   1.849   1.867   1.841   1.891   0.000
05:23:33    1307   1.800   1.849   1.867   1.841   1.891   0.000
05:23:35    1308   1.801   1.850   1.868   1.841   1.891   0.000
05:23:37    1309   1.800   1.849   1.867   1.841   1.891   0.000
05:23:39    1310   1.800   1.848   1.867   1.841   1.891   0.000
05:23:41    1311   1.800   1.849   1.867   1.841   1.891   0.000
05:23:43    1312   1.800   1.849   1.867   1.841   1.891   0.000
05:23:45    1313   1.800   1.849   1.867   1.841   1.891   0.000
05:23:47    1314   1.799   1.849   1.867   1.841   1.891   0.000
05:23:49    1315   1.799   1.849   1.867   1.841   1.891   0.000
05:23:51    1316   1.799   1.849   1.867   1.841   1.891   0.000
05:23:53    1317   1.799   1.849   1.867   1.841   1.891   0.000
05:23:55    1318   1.800   1.849   1.867   1.841   1.891   0.000
05:23:57    1319   1.800   1.849   1.867   1.841   1.891   0.000
05:23:59    1320   1.800   1.849   1.867   1.841   1.891   0.000
05:24:01    1321   1.799   1.849   1.867   1.841   1.891   0.000
05:24:03    1322   1.800   1.849   1.867   1.841   1.891   0.000
05:24:05    1323   1.800   1.849   1.867   1.841   1.891   0.000
05:24:07    1324   1.800   1.849   1.867   1.841   1.891   0.000
05:24:09    1325   1.799   1.849   1.867   1.841   1.891   0.000
05:24:11    1326   1.800   1.848   1.867   1.841   1.891   0.000
05:24:13    1327   1.801   1.850   1.867   1.841   1.891   0.000
05:24:15    1328   1.800   1.849   1.867   1.841   1.891   0.000
05:24:17    1329   1.799   1.849   1.867   1.841   1.891   0.000
05:24:19    1330   1.800   1.849   1.867   1.841   1.891   0.000
05:24:21    1331   1.800   1.849   1.867   1.841   1.891   0.000
05:24:23    1332   1.800   1.849   1.867   1.841   1.891   0.000
05:24:25    1333   1.799   1.849   1.867   1.841   1.891   0.000
05:24:27    1334   1.800   1.849   1.867   1.841   1.891   0.000
05:24:29    1335   1.800   1.849   1.867   1.841   1.891   0.000
05:24:31    1336   1.800   1.849   1.867   1.841   1.891   0.000
05:24:33    1337   1.799   1.849   1.867   1.841   1.891   0.000
05:24:35    1338   1.800   1.849   1.867   1.841   1.891   0.000
05:24:37    1339   1.800   1.849   1.867   1.841   1.891   0.000
05:24:39    1340   1.800   1.849   1.867   1.841   1.891   0.000
05:24:41    1341   1.800   1.849   1.867   1.841   1.891   0.000
05:24:43    1342   1.800   1.849   1.867   1.841   1.891   0.000
05:24:45    1343   1.799   1.849   1.867   1.841   1.891   0.000
05:24:47    1344   1.800   1.849   1.867   1.841   1.891   0.000
05:24:49    1345   1.800   1.849   1.867   1.841   1.891   0.000
05:24:51    1346   1.799   1.849   1.867   1.841   1.891   0.000
05:24:53    1347   1.800   1.849   1.867   1.841   1.891   0.000
05:24:55    1348   1.800   1.849   1.867   1.841   1.891   0.000
05:24:57    1349   1.800   1.849   1.867   1.841   1.891   0.000
05:24:59    1350   1.800   1.849   1.867   1.841   1.891   0.000
05:25:01    1351   1.800   1.849   1.867   1.841   1.891   0.000
05:25:03    1352   1.800   1.849   1.867   1.841   1.891   0.000
05:25:05    1353   1.801   1.850   1.867   1.841   1.891   0.000
05:25:07    1354   1.799   1.849   1.867   1.841   1.891   0.000
05:25:09    1355   1.800   1.849   1.867   1.841   1.891   0.000
05:25:11    1356   1.800   1.849   1.867   1.841   1.891   0.000
05:25:13    1357   1.800   1.849   1.867   1.841   1.891   0.000
05:25:15    1358   1.799   1.849   1.867   1.841   1.891   0.000
05:25:17    1359   1.800   1.849   1.867   1.841   1.891   0.000
05:25:19    1360   1.800   1.849   1.867   1.841   1.891   0.000
05:25:21    1361   1.800   1.849   1.867   1.841   1.891   0.000
05:25:23    1362   1.799   1.849   1.867   1.841   1.891   0.000
05:25:25    1363   1.800   1.850   1.867   1.841   1.891   0.000
05:25:27    1364   1.799   1.849   1.867   1.841   1.891   0.000
05:25:29    1365   1.799   1.849   1.867   1.841   1.891   0.000
05:25:31    1366   1.800   1.849   1.867   1.841   1.891   0.000
05:25:33    1367   1.800   1.849   1.867   1.841   1.891   0.000
05:25:35    1368   1.799   1.849   1.867   1.841   1.891   0.000
05:25:37    1369   1.799   1.849   1.867   1.841   1.891   0.000
05:25:39    1370   1.800   1.849   1.867   1.841   1.891   0.000
05:25:41    1371   1.800   1.849   1.867   1.841   1.891   0.000
05:25:43    1372   1.800   1.849   1.867   1.841   1.891   0.000
05:25:45    1373   1.799   1.849   1.867   1.841   1.891   0.000
05:25:47    1374   1.801   1.850   1.867   1.841   1.891   0.000
05:25:49    1375   1.800   1.850   1.867   1.841   1.891   0.000
05:25:51    1376   1.800   1.849   1.867   1.841   1.891   0.000
05:25:53    1377   1.800   1.849   1.867   1.841   1.891   0.000
05:25:55    1378   1.799   1.849   1.867   1.841   1.891   0.000
05:25:57    1379   1.800   1.849   1.867   1.841   1.891   0.000
05:25:59    1380   1.799   1.849   1.867   1.841   1.891   0.000
05:26:01    1381   1.800   1.849   1.867   1.841   1.891   0.000
05:26:03    1382   1.800   1.849   1.867   1.841   1.891   0.000
05:26:05    1383   1.800   1.849   1.867   1.841   1.891   0.000
05:26:07    1384   1.800   1.849   1.867   1.841   1.891   0.000
05:26:09    1385   1.800   1.849   1.867   1.841   1.891   0.000
05:26:11    1386   1.800   1.849   1.867   1.841   1.891   0.000
05:26:13    1387   1.801   1.850   1.867   1.841   1.891   0.000
05:26:15    1388   1.800   1.849   1.867   1.841   1.891   0.000
05:26:17    1389   1.800   1.849   1.867   1.841   1.891   0.000
05:26:19    1390   1.801   1.850   1.867   1.841   1.891   0.000
05:26:21    1391   1.799   1.849   1.867   1.841   1.891   0.000
05:26:23    1392   1.800   1.849   1.867   1.841   1.891   0.000
05:26:25    1393   1.800   1.849   1.867   1.841   1.891   0.000
05:26:27    1394   1.800   1.849   1.867   1.841   1.891   0.000
05:26:29    1395   1.800   1.849   1.867   1.841   1.891   0.000
05:26:31    1396   1.800   1.849   1.867   1.841   1.891   0.000
05:26:33    1397   1.800   1.849   1.867   1.841   1.891   0.000
05:26:35    1398   1.800   1.849   1.867   1.841   1.891   0.000
05:26:37    1399   1.800   1.849   1.867   1.841   1.891   0.000
05:26:39    1400   1.800   1.849   1.867   1.841   1.891   0.000
05:26:41    1401   1.800   1.849   1.867   1.841   1.891   0.000
05:26:43    1402   1.800   1.849   1.867   1.841   1.891   0.000
05:26:45    1403   1.800   1.849   1.867   1.841   1.891   0.000
