start   of      data    file.
siteNameHF-751-cal          Edited to fix time AF 131209
Probe   serial  Number:        0

Date    Meas#   T1(B)   T2      T3      T4      T5(T)   H
-------------------------------------------------------------------
 4:33:43       1   1.816   1.869   1.886   1.859   1.909   0.000
 4:33:45       2   1.816   1.869   1.886   1.860   1.909   0.000
 4:33:47       3   1.817   1.870   1.887   1.859   1.909   0.000
 4:33:49       4   1.817   1.870   1.887   1.859   1.909   0.000
 4:33:51       5   1.816   1.869   1.886   1.859   1.909   0.000
 4:33:53       6   1.816   1.869   1.886   1.859   1.909   0.000
 4:33:55       7   1.817   1.870   1.886   1.859   1.909   0.000
 4:33:57       8   1.816   1.869   1.886   1.860   1.909   0.000
 4:33:59       9   1.817   1.870   1.887   1.859   1.909   0.000
 4:34:01      10   1.817   1.869   1.886   1.860   1.909   0.000
 4:34:03      11   1.817   1.870   1.887   1.859   1.909   0.000
 4:34:05      12   1.817   1.869   1.886   1.859   1.909   0.000
 4:34:07      13   1.817   1.870   1.887   1.859   1.909   0.000
 4:34:09      14   1.817   1.870   1.886   1.860   1.909   0.000
 4:34:11      15   1.817   1.870   1.887   1.859   1.909   0.000
 4:34:13      16   1.817   1.870   1.887   1.859   1.909   0.000
 4:34:15      17   1.817   1.870   1.887   1.859   1.909   0.000
 4:34:17      18   1.817   1.870   1.887   1.859   1.909   0.000
 4:34:19      19   1.817   1.870   1.886   1.859   1.909   0.000
 4:34:21      20   1.817   1.870   1.887   1.859   1.909   0.000
 4:34:23      21   1.817   1.870   1.887   1.859   1.909   0.000
 4:34:25      22   1.817   1.870   1.887   1.859   1.909   0.000
 4:34:27      23   1.817   1.870   1.887   1.859   1.909   0.000
 4:34:29      24   1.817   1.870   1.886   1.860   1.909   0.000
 4:34:31      25   1.817   1.870   1.886   1.860   1.909   0.000
 4:34:33      26   1.817   1.871   1.887   1.860   1.909   0.000
 4:34:35      27   1.818   1.871   1.887   1.860   1.909   0.000
 4:34:37      28   1.817   1.871   1.887   1.860   1.909   0.000
 4:34:39      29   1.817   1.871   1.887   1.860   1.909   0.000
 4:34:41      30   1.817   1.871   1.887   1.860   1.909   0.000
 4:34:43      31   1.817   1.871   1.887   1.860   1.909   0.000
 4:34:45      32   1.817   1.870   1.887   1.860   1.909   0.000
 4:34:47      33   1.817   1.870   1.887   1.860   1.909   0.000
 4:34:49      34   1.817   1.870   1.887   1.860   1.909   0.000
 4:34:51      35   1.817   1.870   1.887   1.860   1.909   0.000
 4:34:53      36   1.817   1.870   1.887   1.860   1.910   0.000
 4:34:55      37   1.817   1.870   1.887   1.860   1.909   0.000
 4:34:57      38   1.817   1.870   1.887   1.860   1.909   0.000
 4:34:59      39   1.817   1.870   1.887   1.860   1.909   0.000
 4:35:01      40   1.817   1.870   1.887   1.860   1.909   0.000
 4:35:03      41   1.817   1.870   1.887   1.860   1.909   0.000
 4:35:05      42   1.817   1.870   1.887   1.860   1.909   0.000
 4:35:07      43   1.817   1.870   1.887   1.860   1.909   0.000
 4:35:09      44   1.817   1.870   1.887   1.860   1.909   0.000
 4:35:11      45   1.817   1.870   1.887   1.860   1.909   0.000
 4:35:13      46   1.817   1.870   1.887   1.860   1.909   0.000
 4:35:15      47   1.817   1.870   1.887   1.860   1.909   0.000
 4:35:17      48   1.817   1.870   1.887   1.860   1.909   0.000
 4:35:19      49   1.817   1.870   1.887   1.860   1.909   0.000
 4:35:21      50   1.817   1.870   1.886   1.860   1.909   0.000
 4:35:23      51   1.817   1.870   1.887   1.860   1.909   0.000
 4:35:25      52   1.817   1.870   1.887   1.860   1.910   0.000
 4:35:27      53   1.817   1.870   1.887   1.860   1.909   0.000
 4:35:29      54   1.817   1.871   1.887   1.860   1.909   0.000
 4:35:31      55   1.817   1.871   1.887   1.860   1.909   0.000
 4:35:33      56   1.818   1.870   1.887   1.860   1.909   0.000
 4:35:35      57   1.817   1.870   1.887   1.860   1.909   0.000
 4:35:37      58   1.817   1.871   1.887   1.861   1.910   0.000
 4:35:39      59   1.817   1.871   1.887   1.861   1.910   0.000
 4:35:41      60   1.817   1.871   1.887   1.860   1.909   0.000
 4:35:43      61   1.817   1.870   1.887   1.860   1.909   0.000
 4:35:45      62   1.817   1.871   1.887   1.861   1.909   0.000
 4:35:47      63   1.817   1.870   1.887   1.860   1.909   0.000
 4:35:49      64   1.817   1.870   1.887   1.860   1.909   0.000
 4:35:51      65   1.817   1.870   1.887   1.860   1.909   0.000
 4:35:53      66   1.817   1.871   1.887   1.861   1.909   0.000
 4:35:55      67   1.818   1.871   1.887   1.860   1.909   0.000
 4:35:57      68   1.817   1.871   1.887   1.860   1.909   0.000
 4:35:59      69   1.818   1.870   1.887   1.860   1.909   0.000
 4:36:01      70   1.817   1.871   1.887   1.860   1.909   0.000
 4:36:03      71   1.817   1.871   1.887   1.860   1.910   0.000
 4:36:05      72   1.817   1.870   1.887   1.860   1.909   0.000
 4:36:07      73   1.818   1.870   1.887   1.860   1.909   0.000
 4:36:09      74   1.818   1.871   1.887   1.860   1.909   0.000
 4:36:11      75   1.818   1.870   1.887   1.860   1.909   0.000
 4:36:13      76   1.817   1.871   1.887   1.860   1.910   0.000
 4:36:15      77   1.817   1.870   1.887   1.860   1.909   0.000
 4:36:17      78   1.817   1.870   1.887   1.860   1.909   0.000
 4:36:19      79   1.818   1.871   1.887   1.861   1.910   0.000
 4:36:21      80   1.818   1.871   1.888   1.861   1.910   0.000
 4:36:23      81   1.818   1.870   1.887   1.860   1.909   0.000
 4:36:25      82   1.817   1.870   1.887   1.860   1.909   0.000
 4:36:27      83   1.817   1.870   1.887   1.860   1.909   0.000
 4:36:29      84   1.817   1.870   1.887   1.860   1.909   0.000
 4:36:31      85   1.819   1.871   1.887   1.860   1.909   0.000
 4:36:33      86   1.818   1.871   1.887   1.860   1.909   0.000
 4:36:35      87   1.817   1.870   1.887   1.860   1.909   0.000
 4:36:37      88   1.817   1.870   1.887   1.860   1.909   0.000
 4:36:39      89   1.817   1.870   1.886   1.860   1.909   0.000
 4:36:41      90   1.817   1.870   1.887   1.860   1.909   0.000
 4:36:43      91   1.817   1.870   1.887   1.860   1.909   0.000
 4:36:45      92   1.817   1.870   1.887   1.860   1.909   0.000
 4:36:47      93   1.817   1.870   1.887   1.860   1.909   0.000
 4:36:49      94   1.817   1.869   1.886   1.860   1.909   0.000
 4:36:51      95   1.817   1.869   1.886   1.860   1.909   0.000
 4:36:53      96   1.817   1.869   1.886   1.860   1.909   0.000
 4:36:55      97   1.817   1.870   1.887   1.860   1.909   0.000
 4:36:57      98   1.817   1.869   1.886   1.860   1.909   0.000
 4:36:59      99   1.817   1.869   1.886   1.860   1.909   0.000
 4:37:01     100   1.817   1.869   1.886   1.860   1.909   0.000
 4:37:03     101   1.817   1.869   1.886   1.859   1.909   0.000
 4:37:05     102   1.817   1.870   1.886   1.860   1.909   0.000
 4:37:07     103   1.817   1.870   1.887   1.860   1.909   0.000
 4:37:09     104   1.817   1.870   1.887   1.860   1.909   0.000
 4:37:11     105   1.817   1.870   1.886   1.860   1.909   0.000
 4:37:13     106   1.817   1.870   1.886   1.860   1.909   0.000
 4:37:15     107   1.817   1.870   1.886   1.860   1.909   0.000
 4:37:17     108   1.817   1.870   1.886   1.860   1.909   0.000
 4:37:19     109   1.817   1.870   1.887   1.860   1.909   0.000
 4:37:21     110   1.817   1.870   1.887   1.860   1.909   0.000
 4:37:23     111   1.817   1.870   1.886   1.860   1.909   0.000
 4:37:25     112   1.817   1.870   1.887   1.860   1.909   0.000
 4:37:27     113   1.817   1.870   1.887   1.860   1.909   0.000
 4:37:29     114   1.818   1.870   1.887   1.860   1.909   0.000
 4:37:31     115   1.817   1.870   1.886   1.860   1.909   0.000
 4:37:33     116   1.817   1.870   1.887   1.860   1.909   0.000
 4:37:35     117   1.817   1.870   1.887   1.860   1.909   0.000
 4:37:37     118   1.817   1.870   1.887   1.860   1.909   0.000
 4:37:39     119   1.817   1.870   1.886   1.860   1.909   0.000
 4:37:41     120   1.817   1.870   1.886   1.860   1.909   0.000
 4:37:43     121   1.816   1.870   1.887   1.860   1.909   0.000
 4:37:45     122   1.817   1.870   1.887   1.860   1.909   0.000
 4:37:47     123   1.817   1.870   1.887   1.860   1.909   0.000
 4:37:49     124   1.818   1.870   1.887   1.860   1.909   0.000
 4:37:51     125   1.818   1.870   1.887   1.860   1.909   0.000
 4:37:53     126   1.817   1.870   1.887   1.860   1.909   0.000
 4:37:55     127   1.818   1.870   1.887   1.860   1.909   0.000
 4:37:57     128   1.817   1.870   1.887   1.860   1.909   0.000
 4:37:59     129   1.818   1.870   1.887   1.860   1.910   0.000
 4:38:01     130   1.818   1.870   1.887   1.860   1.909   0.000
 4:38:03     131   1.817   1.870   1.887   1.860   1.909   0.000
 4:38:05     132   1.817   1.870   1.887   1.860   1.909   0.000
 4:38:07     133   1.817   1.870   1.886   1.860   1.909   0.000
